c0,c1,c2,c3,c4,c5,c6,c7,c8,c9,c10,c11,c12,c13,c14,c15,c16,c17,c18,c19,c20,c21,c22,c23,c24,c25,c26,c27,c28,c29,c30,c31,c32,c33,c34,c35,c36,c37,c38,c39,c40,c41,c42,c43,c44,c45,c46,c47,c48,c49,c50,c51,c52,c53,c54,c55,c56,c57,c58,c59,c60,c61,c62,c63,c64,c65,c66,c67,c68,c69,c70,c71
1,0,0,0,0,0,0,0,0,0,1,0,4,20,0,23,8,0,2,0,0,5,1,0,1,0,0,0,1,0,0,0,0,3,0,0,0,2,0,0,0,0,0,1,0,2,0,0,10,8,0,19,14,0,2,6,0,3,4,0,0,1,0,1,0,0,0,0,0,0,3,0
0,1,0,2,0,0,0,0,0,1,0,0,12,9,0,15,9,0,1,4,0,6,1,0,0,1,0,1,0,0,0,0,0,0,3,0,0,0,0,2,1,0,0,0,0,1,0,0,6,9,0,15,16,0,1,2,0,8,6,0,0,0,0,1,1,0,0,0,0,0,0,0
0,1,0,1,0,0,1,1,0,1,0,0,8,14,0,16,5,0,2,4,0,6,2,0,0,1,0,1,0,0,0,0,0,0,3,0,0,1,0,2,2,0,0,2,0,3,1,0,10,14,0,13,9,0,3,5,0,7,4,0,0,0,0,1,0,0,0,1,0,0,1,0
2,0,0,0,1,0,3,1,0,0,0,0,13,19,0,10,7,0,7,6,0,3,2,0,1,0,0,0,0,0,0,1,0,3,1,0,0,0,0,1,0,0,0,0,0,0,1,0,23,4,0,4,23,0,5,1,0,2,13,0,0,0,0,1,1,0,0,0,0,0,0,0
0,2,0,1,1,0,0,1,0,1,1,0,9,14,29,12,16,4,1,5,2,3,8,0,0,1,0,1,0,0,0,0,1,0,3,1,1,1,0,1,0,0,1,3,0,1,0,0,18,17,0,10,6,0,8,8,0,5,1,0,0,1,0,0,0,0,1,0,0,1,3,0
1,0,0,1,0,0,1,1,0,1,0,0,10,11,0,18,18,0,5,4,0,8,6,0,0,1,0,0,0,0,1,0,0,1,3,0,1,1,0,0,0,0,1,1,0,1,1,0,16,9,0,8,18,0,6,2,0,2,6,0,1,1,0,0,0,0,0,0,0,3,3,0
0,0,0,0,1,0,0,0,0,1,3,0,10,6,0,16,17,0,4,1,0,8,8,0,0,0,0,1,1,0,0,0,0,0,0,0,1,0,0,0,0,0,1,2,0,0,0,0,12,19,0,9,6,0,3,7,0,1,2,0,1,1,0,0,0,0,0,0,0,3,3,0
0,0,0,0,0,0,2,0,0,0,0,0,19,0,0,10,0,0,3,0,0,2,0,0,1,0,0,0,0,0,0,0,0,3,0,0,2,0,0,0,0,0,1,2,0,0,0,0,15,18,0,12,6,0,6,6,0,1,3,0,1,1,0,0,0,0,0,0,0,3,3,0
1,0,0,0,0,0,2,0,0,1,2,0,12,6,0,12,14,0,6,2,0,3,4,0,1,0,0,0,1,0,0,0,0,3,0,0,0,0,0,0,0,0,1,0,0,0,1,0,16,13,0,10,7,0,8,5,0,4,3,0,1,0,0,0,1,0,0,0,0,3,0,0
2,2,0,0,2,0,1,2,0,0,1,0,15,27,0,6,6,0,8,10,0,1,3,0,1,1,0,0,0,0,0,0,0,3,3,0,0,0,0,1,0,0,1,1,0,2,0,0,12,8,0,12,20,0,3,1,0,6,0,0,0,1,0,1,0,0,0,0,0,0,3,0
0,1,0,0,1,0,2,0,0,1,1,2,15,9,6,9,19,19,3,3,2,2,8,7,1,0,0,0,1,1,0,0,0,3,0,0,0,0,2,0,0,2,1,0,1,1,2,2,10,11,6,15,22,27,1,4,3,3,7,10,0,0,0,0,1,1,1,0,0,1,0,0
0,2,0,0,0,3,0,0,2,0,0,0,13,18,19,11,7,10,4,7,6,2,0,5,0,1,0,0,0,1,1,0,0,1,3,0,3,1,0,0,1,0,3,1,2,0,0,0,28,19,14,7,9,6,10,8,4,1,3,2,1,1,1,0,0,0,0,0,0,3,3,3
0,0,0,0,0,0,1,0,1,1,0,0,15,16,7,10,6,13,3,6,3,1,3,5,0,0,1,0,0,0,1,1,0,1,1,3,2,2,0,0,0,0,1,1,2,2,0,0,15,15,18,10,12,6,5,6,6,4,1,3,1,1,1,0,0,0,0,0,0,3,3,3
1,0,1,0,0,0,3,2,3,0,0,0,16,22,22,7,11,9,7,7,6,3,4,1,1,1,1,0,0,0,0,0,0,3,3,3,0,0,0,1,1,0,0,0,0,4,0,1,5,23,4,25,4,23,0,5,1,9,2,13,0,0,0,1,1,1,0,0,0,0,0,0
0,1,0,2,1,0,0,1,1,2,1,0,13,10,11,7,18,18,2,5,4,4,8,6,0,0,1,1,0,0,0,1,0,0,1,3,1,0,0,0,0,0,0,0,0,0,0,0,13,6,0,14,16,0,4,3,0,3,6,0,1,0,0,0,0,0,0,1,0,3,1,0
0,0,1,0,0,0,0,1,0,0,1,0,6,10,16,9,16,9,1,2,6,1,2,2,0,0,1,0,0,0,1,1,0,1,1,3,1,1,0,0,0,0,1,1,2,1,0,0,8,12,19,10,9,6,4,3,7,3,1,2,1,1,1,0,0,0,0,0,0,3,3,3
0,0,0,2,0,0,2,2,0,1,0,0,10,19,0,15,10,0,4,3,0,5,2,0,0,1,0,1,0,0,0,0,0,0,3,0,0,1,0,0,0,0,0,1,0,0,0,0,4,7,4,26,16,29,0,3,0,8,3,2,0,1,0,0,0,0,1,0,1,1,3,1
1,2,2,0,0,2,1,1,2,0,0,1,16,15,27,7,6,6,6,8,10,3,1,3,1,1,1,0,0,0,0,0,0,3,3,3,0,0,0,0,0,1,1,0,0,2,0,1,9,16,5,15,8,14,2,2,2,3,0,4,0,0,0,1,0,1,0,1,0,0,1,0
0,0,1,0,2,0,2,0,0,1,1,0,12,12,9,8,15,9,4,1,4,4,6,1,1,0,1,0,1,0,0,0,0,3,0,3,1,0,3,1,0,0,0,1,0,0,1,2,5,13,10,35,28,19,4,3,5,9,5,6,0,0,1,0,0,0,1,1,0,1,1,3
1,1,0,0,0,0,1,2,0,1,0,2,14,16,6,13,8,18,3,8,3,4,3,6,1,1,0,0,0,1,0,0,0,3,3,0,2,0,1,1,2,2,1,0,2,1,3,1,23,10,14,12,13,9,6,3,5,7,7,4,1,0,0,0,1,0,0,0,1,3,0,1
0,1,0,0,0,0,0,0,0,0,0,1,5,4,20,9,23,8,3,2,0,2,5,1,0,1,0,0,0,1,1,0,0,1,3,0,0,0,1,0,1,2,0,0,1,0,2,1,9,8,16,6,16,14,1,3,8,1,8,5,0,0,0,0,1,1,1,0,0,1,0,0
0,0,0,1,1,2,0,0,0,0,1,1,14,16,14,13,7,8,3,3,4,4,3,6,0,0,0,1,1,1,0,0,0,0,0,0,2,1,1,0,0,0,2,1,1,0,1,1,7,16,9,13,8,18,4,6,2,2,2,6,1,1,1,0,0,0,0,0,0,3,3,3
1,2,0,1,0,0,0,2,1,0,0,0,35,18,23,5,8,4,9,10,13,4,0,1,0,1,1,0,0,0,1,0,0,1,3,3,1,1,1,0,1,0,0,1,3,0,1,0,9,18,17,14,10,6,4,8,8,4,5,1,1,0,1,0,0,0,0,1,0,3,1,3
1,2,0,0,0,1,4,3,1,0,0,0,25,13,19,5,10,7,9,7,6,0,3,2,1,1,0,0,0,0,0,0,1,3,3,1,0,0,0,1,0,1,1,1,0,1,1,0,13,16,9,14,10,9,4,2,1,3,2,4,0,0,0,1,0,1,0,1,0,0,1,0
0,0,0,1,0,1,1,0,0,1,1,3,10,10,6,8,16,17,3,4,1,4,8,8,0,0,0,1,1,1,0,0,0,0,0,0,0,0,2,0,0,0,0,0,1,0,2,0,9,10,8,5,19,14,2,2,6,3,3,4,0,0,1,0,1,0,1,0,0,1,0,3
0,0,0,0,0,1,0,1,1,0,1,1,26,28,18,4,13,9,8,5,6,0,3,2,0,0,0,0,0,1,1,1,0,1,1,0,0,0,0,0,2,1,1,0,0,2,1,0,8,6,9,12,15,16,4,1,2,4,8,6,0,0,0,1,1,1,0,0,0,0,0,0
0,0,2,3,0,1,0,0,1,3,0,2,7,8,9,28,16,14,1,0,4,10,2,5,0,0,0,1,0,0,0,1,1,0,1,1,0,0,0,0,2,0,0,0,0,0,2,1,11,8,18,13,18,11,2,0,6,4,10,4,0,0,0,0,1,1,1,0,0,1,0,0
0,1,0,0,0,0,1,2,0,0,1,2,7,12,6,17,12,14,3,6,2,5,3,4,1,1,0,0,0,1,0,0,0,3,3,0,0,0,1,1,2,0,0,0,0,3,0,1,7,7,7,16,18,19,3,0,2,7,7,6,0,0,0,1,1,0,0,0,1,0,0,1
0,0,2,1,1,1,0,0,1,0,1,1,14,9,14,9,12,16,4,1,5,4,3,8,0,0,1,1,1,0,0,0,0,0,0,3,0,0,0,0,0,0,0,1,0,1,0,1,17,16,13,7,10,7,5,8,5,3,4,3,0,1,0,1,0,1,0,0,0,0,3,0
1,0,1,2,1,0,1,1,1,1,1,0,12,8,14,23,16,5,7,2,4,6,6,2,0,0,1,1,1,0,0,0,0,0,0,3,0,0,0,1,1,0,0,1,1,1,2,0,7,12,8,16,12,20,3,3,1,6,6,0,0,0,1,1,1,0,0,0,0,0,0,3
0,0,0,0,2,0,1,2,2,0,1,0,9,10,19,6,15,10,4,4,3,1,5,2,1,0,1,0,1,0,0,0,0,3,0,3,0,0,0,1,0,0,0,1,0,1,2,0,9,9,16,25,15,8,1,2,2,12,3,0,0,0,0,1,1,0,0,0,1,0,0,1
0,0,2,0,0,0,0,0,0,1,0,0,4,13,18,17,11,7,2,4,7,6,2,0,0,0,1,1,0,0,0,1,0,0,1,3,1,1,1,2,0,0,1,1,1,0,1,0,15,8,12,9,10,9,3,4,3,4,3,1,0,1,1,0,0,0,1,0,0,1,3,3
0,0,0,3,0,0,0,1,0,1,1,0,6,15,16,14,10,6,1,3,6,7,1,3,0,0,0,1,0,0,0,1,1,0,1,1,0,1,1,0,0,1,0,0,1,0,0,1,6,9,18,19,14,10,1,4,8,5,4,5,0,1,0,0,0,0,1,0,1,1,3,1
3,1,2,1,0,0,4,4,3,1,0,0,20,25,13,5,5,10,11,9,7,1,0,3,1,1,1,0,0,0,0,0,0,3,3,3,1,1,0,0,1,0,0,0,1,0,0,1,5,5,13,23,35,28,2,4,3,4,9,5,1,0,0,0,0,0,0,1,1,3,1,1
1,1,1,1,0,0,0,1,2,0,1,0,8,14,16,17,13,8,5,3,8,2,4,3,0,1,1,0,0,0,1,0,0,1,3,3,0,0,0,2,1,1,0,0,0,2,4,0,6,5,23,18,25,4,1,0,5,7,9,2,0,0,0,1,1,1,0,0,0,0,0,0
0,0,0,1,1,1,2,0,0,1,0,1,12,14,9,19,9,12,2,4,1,5,4,3,0,0,0,0,1,1,1,0,0,1,0,0,0,0,0,0,1,1,1,0,1,1,1,2,5,7,12,11,16,12,1,3,3,3,6,6,0,0,0,0,1,1,1,0,0,1,0,0
1,0,1,0,2,1,1,0,1,1,2,1,17,13,10,21,7,18,6,2,5,3,4,8,1,0,0,0,1,0,0,0,1,3,0,1,0,0,0,0,0,2,0,1,0,1,2,1,5,8,6,18,12,15,1,4,1,6,4,8,0,0,0,1,1,1,0,0,0,0,0,0
1,0,0,0,1,0,1,1,0,0,1,1,7,10,10,7,8,16,3,3,4,2,4,8,1,0,0,0,1,1,0,0,0,3,0,0,0,0,0,0,0,0,0,1,0,0,1,2,8,10,11,19,15,22,1,1,4,4,3,7,0,0,0,0,0,1,1,1,0,1,1,0
0,0,0,1,0,2,0,2,0,0,1,1,23,12,12,5,8,15,4,4,1,2,4,6,0,1,0,1,0,1,0,0,0,0,3,0,1,0,0,0,0,2,0,0,0,2,0,2,9,11,8,11,13,18,6,2,0,2,4,10,0,0,0,1,0,1,0,1,0,0,1,0
0,0,0,0,0,0,1,0,1,0,0,1,18,26,28,5,4,13,6,8,5,1,0,3,1,0,0,0,0,0,0,1,1,3,1,1,1,2,0,1,1,2,0,1,0,0,1,3,17,23,10,8,12,13,2,6,3,5,7,7,0,1,0,0,0,1,1,0,0,1,3,0
1,1,2,0,0,0,1,1,1,0,0,0,25,16,15,9,7,6,12,6,8,1,3,1,1,1,1,0,0,0,0,0,0,3,3,3,0,0,1,0,0,0,0,0,1,1,0,0,6,4,7,9,26,16,1,0,3,4,8,3,0,0,1,1,0,0,0,1,0,0,1,3
0,0,1,0,0,1,0,2,0,0,1,1,19,15,9,8,9,19,4,3,3,1,2,8,0,1,0,0,0,1,1,0,0,1,3,0,1,2,1,2,0,0,0,2,1,0,0,1,15,7,16,14,13,8,5,4,6,5,2,2,0,1,1,1,0,0,0,0,0,0,3,3
2,0,0,1,1,1,0,0,0,0,0,1,14,14,16,15,13,7,5,3,3,5,4,3,1,0,0,0,1,1,0,0,0,3,0,0,1,0,0,0,0,1,0,0,0,1,0,2,8,9,8,20,6,16,6,1,3,5,1,8,0,0,0,0,0,1,1,1,0,1,1,0
0,1,2,0,1,0,0,0,2,0,0,0,19,35,18,6,5,8,5,9,10,1,4,0,0,0,1,0,0,0,1,1,0,1,1,3,0,0,0,1,0,0,0,0,0,1,0,2,7,9,10,7,5,19,2,2,2,3,3,3,0,0,0,1,0,1,0,1,0,0,1,0
2,1,0,0,0,0,2,3,2,0,0,0,18,16,22,6,7,11,7,7,7,1,3,4,1,1,1,0,0,0,0,0,0,3,3,3,3,2,2,0,0,0,1,1,1,0,2,0,14,15,15,6,10,12,7,5,6,1,4,1,1,1,1,0,0,0,0,0,0,3,3,3
0,0,0,1,3,0,2,0,0,0,3,0,11,7,8,9,28,16,2,1,0,6,10,2,1,0,0,0,1,0,0,0,1,3,0,1,1,0,0,3,1,0,1,1,1,4,1,1,5,13,16,20,14,10,1,4,2,11,3,2,0,0,0,1,1,0,0,0,1,0,0,1
2,0,0,1,0,0,0,0,1,1,0,1,9,6,10,15,9,16,4,1,2,3,1,2,0,0,0,0,0,0,1,1,1,1,1,1,0,3,1,0,0,1,1,3,1,0,0,0,17,28,19,4,7,9,6,10,8,2,1,3,1,1,1,0,0,0,0,0,0,3,3,3
0,0,1,0,0,0,1,1,2,1,0,1,12,7,12,13,17,12,3,3,6,6,5,3,0,1,1,0,0,0,1,0,0,1,3,3,0,1,0,1,0,0,1,0,0,1,0,0,21,13,6,17,14,16,3,4,3,6,3,6,0,1,0,1,0,0,0,0,1,0,3,1
0,1,0,0,2,1,1,1,1,1,1,1,11,12,8,5,23,16,3,7,2,1,6,6,0,0,0,0,1,1,1,0,0,1,0,0,0,0,0,0,1,2,1,0,0,1,3,0,13,7,7,12,16,18,6,3,0,3,7,7,0,0,0,0,1,1,1,0,0,1,0,0
0,0,1,1,0,0,1,0,0,0,0,0,20,5,4,8,9,23,5,3,2,6,2,5,0,0,1,0,0,0,1,1,0,1,1,3,1,0,0,0,0,0,1,0,1,2,1,0,19,17,16,12,7,10,5,5,8,2,3,4,0,0,1,0,1,0,1,0,0,1,0,3
2,0,0,0,3,0,0,0,1,1,1,1,5,6,15,9,14,10,3,1,3,3,7,1,1,0,0,0,1,0,0,0,1,3,0,1,0,0,0,0,0,1,0,1,0,1,1,1,7,5,7,20,11,16,2,1,3,6,3,6,0,0,0,1,0,1,0,1,0,0,1,0
0,1,1,0,1,0,1,0,1,0,0,1,7,8,14,10,17,13,3,5,3,0,2,4,1,0,1,0,0,0,0,1,0,3,1,3,2,0,0,0,0,0,0,0,1,1,1,2,7,5,8,10,18,12,3,1,4,2,6,4,1,0,0,0,1,1,0,0,0,3,0,0
0,0,0,0,1,1,1,2,0,0,1,0,20,12,14,7,19,9,6,2,4,2,5,4,1,0,0,0,0,1,0,1,0,3,1,0,0,1,1,1,0,1,0,0,0,2,0,0,6,5,5,15,23,35,0,2,4,10,4,9,0,1,0,1,0,0,0,0,1,0,3,1
0,1,0,2,0,2,1,1,0,0,1,2,10,17,13,7,21,7,2,6,2,3,3,4,0,1,0,1,0,1,0,0,0,0,3,0,1,0,0,0,0,0,1,0,1,1,0,1,11,8,10,19,19,15,6,1,1,4,4,3,1,0,0,0,0,0,0,1,1,3,1,1
0,1,0,1,0,1,1,1,1,1,0,1,19,7,10,11,7,8,4,3,3,6,2,4,0,1,0,1,0,1,0,0,0,0,3,0,2,0,0,0,1,0,1,0,1,0,1,2,7,9,9,16,25,15,5,1,2,2,12,3,1,0,0,0,1,1,0,0,0,3,0,0
0,0,0,2,0,2,0,1,2,1,0,1,16,9,10,7,6,15,2,4,4,5,1,5,0,1,0,1,0,1,0,0,0,0,3,0,1,1,2,3,1,1,0,0,1,1,0,1,12,17,23,14,8,12,7,2,6,6,5,7,0,0,1,1,0,0,0,1,0,0,1,3
1,0,0,1,0,0,3,0,0,1,1,0,14,4,13,16,17,11,8,2,4,5,6,2,1,0,0,0,1,0,0,0,1,3,0,1,0,0,1,2,0,0,1,0,0,0,0,0,9,6,9,5,19,14,3,1,4,3,5,4,0,0,1,1,0,0,0,1,0,0,1,3
1,0,0,1,1,0,1,0,2,4,0,1,8,23,12,30,5,8,3,4,4,14,2,4,0,0,1,1,1,0,0,0,0,0,0,3,1,1,1,1,2,0,1,1,1,3,0,1,16,15,8,14,9,10,5,3,4,8,4,3,0,0,1,1,0,0,0,1,0,0,1,3
1,3,1,0,1,0,2,4,4,0,1,0,15,20,25,6,5,5,10,11,9,0,1,0,1,1,1,0,0,0,0,0,0,3,3,3,1,1,0,1,0,0,4,0,0,1,2,0,30,9,11,8,11,13,14,6,2,3,2,4,1,0,0,0,1,0,0,0,1,3,0,1
3,0,0,1,0,0,1,1,0,0,0,0,14,18,26,12,5,4,6,6,8,7,1,0,1,1,0,0,0,0,0,0,1,3,3,1,0,0,0,0,2,1,0,0,0,1,2,4,10,6,5,7,18,25,0,1,0,3,7,9,0,0,0,1,1,1,0,0,0,0,0,0
0,1,1,1,0,0,2,1,1,0,0,0,17,25,16,4,9,7,5,12,6,2,1,3,1,1,1,0,0,0,0,0,0,3,3,3,0,3,2,0,0,0,0,1,1,1,0,2,13,14,15,11,6,10,4,7,5,3,1,4,0,1,1,1,0,0,0,0,0,0,3,3
0,0,0,0,0,0,0,0,2,1,0,1,7,19,15,18,8,9,1,4,3,5,1,2,0,0,1,1,0,0,0,1,0,0,1,3,0,0,0,0,1,0,0,0,0,3,1,0,1,7,9,16,7,5,0,2,2,8,3,3,0,0,0,1,1,0,0,0,1,0,0,1
0,0,0,0,1,0,1,1,0,0,0,0,12,20,5,12,8,9,5,5,3,5,6,2,1,0,0,0,0,0,0,1,1,3,1,1,1,0,0,0,0,0,0,0,0,2,1,0,4,6,4,17,9,26,2,1,0,5,4,8,0,0,0,1,1,0,0,0,1,0,0,1
0,2,0,2,1,1,2,0,0,0,0,0,19,14,14,6,15,13,9,5,3,2,5,4,0,1,0,0,0,1,1,0,0,1,3,0,0,0,0,2,0,1,0,1,0,0,1,3,16,13,7,9,12,16,2,6,3,3,3,7,0,0,0,1,0,1,0,1,0,0,1,0
2,0,1,0,0,2,0,1,1,0,1,1,9,11,12,16,5,23,3,3,7,2,1,6,1,0,0,0,0,1,0,1,0,3,1,0,2,0,3,1,0,0,1,1,3,1,0,0,15,17,28,6,4,7,5,6,10,4,2,1,1,1,1,0,0,0,0,0,0,3,3,3
0,0,1,0,0,1,3,0,0,0,0,0,16,19,35,1,6,5,8,5,9,0,1,4,1,0,0,0,0,0,0,1,1,3,1,1,1,0,1,0,1,0,0,1,0,1,1,0,6,21,13,7,17,14,1,3,4,2,6,3,0,0,1,0,1,0,1,0,0,1,0,3
0,2,1,0,0,0,1,2,3,0,0,0,11,18,16,13,6,7,3,7,7,4,1,3,1,1,1,0,0,0,0,0,0,3,3,3,0,1,0,0,0,0,0,1,0,1,2,1,12,19,17,12,12,7,5,5,5,5,2,3,0,0,0,1,0,1,0,1,0,0,1,0
1,2,0,2,1,0,1,0,0,1,1,0,6,9,6,15,15,9,4,4,1,5,3,1,0,0,0,1,0,0,0,1,1,0,1,1,0,1,2,0,2,0,1,0,2,0,0,0,18,15,7,7,14,13,5,5,4,1,5,2,1,0,1,0,1,0,0,0,0,3,0,3
0,0,0,1,1,3,0,2,0,0,0,3,13,11,7,6,9,28,0,2,1,2,6,10,0,1,0,1,0,1,0,0,0,0,3,0,2,1,0,0,0,0,0,0,0,2,1,0,6,8,9,19,20,6,2,6,1,9,5,1,0,0,0,0,0,0,1,1,1,1,1,1
0,0,0,1,0,0,1,1,1,0,1,0,7,12,7,6,13,17,2,3,3,1,6,5,0,0,1,0,0,0,1,1,0,1,1,3,1,1,0,0,3,1,0,1,1,0,4,1,6,5,13,13,20,14,2,1,4,0,11,3,1,0,0,0,1,1,0,0,0,3,0,0
0,0,0,2,2,0,1,0,1,2,1,0,6,16,9,15,7,6,1,2,4,7,5,1,0,0,1,1,1,0,0,0,0,0,0,3,1,1,0,1,0,0,1,1,0,1,1,0,14,11,8,11,19,19,4,6,1,7,4,4,0,1,0,0,0,0,1,0,1,1,3,1
2,0,2,2,2,1,0,2,0,0,0,0,16,19,14,8,6,15,7,9,5,5,2,5,0,0,1,0,0,0,1,1,0,1,1,3,2,1,1,1,0,3,0,0,1,1,0,4,13,6,5,9,13,20,6,2,1,3,0,11,0,1,0,0,0,1,1,0,0,1,3,0
2,0,0,0,0,0,1,3,0,0,0,0,21,16,19,5,1,6,8,8,5,0,0,1,1,1,0,0,0,0,0,0,1,3,3,1,3,0,1,0,0,2,1,1,0,0,0,0,11,18,15,7,7,14,7,5,5,2,1,5,1,1,0,0,0,1,0,0,0,3,3,0
2,0,2,1,0,0,2,1,2,0,0,0,16,11,18,12,13,6,7,3,7,5,4,1,1,1,1,0,0,0,0,0,0,3,3,3,1,2,0,0,0,1,0,1,0,0,0,1,5,7,9,12,16,25,2,5,1,2,2,12,1,1,0,0,0,1,0,0,0,3,3,0
0,0,1,0,0,1,0,1,0,1,0,0,16,7,8,16,10,17,4,3,5,6,0,2,0,1,0,1,0,0,0,0,1,0,3,1,0,1,1,0,1,2,2,1,1,3,3,0,11,16,15,10,14,9,3,5,3,5,8,4,0,0,0,1,1,0,0,0,1,0,0,1
0,0,1,1,1,0,0,1,1,0,1,0,12,19,7,5,11,7,2,4,3,2,6,2,0,0,1,1,1,0,0,0,0,0,0,3,0,2,0,0,0,0,1,0,0,0,1,1,16,7,5,16,10,18,6,3,1,4,2,6,1,1,0,0,0,1,0,0,0,3,3,0
0,3,0,0,1,0,1,1,1,0,0,0,12,14,18,11,12,5,2,6,6,3,7,1,1,1,1,0,0,0,0,0,0,3,3,3,0,0,0,1,0,0,0,0,1,0,1,1,9,7,5,7,20,11,3,2,1,3,6,3,0,0,0,1,1,0,0,0,1,0,0,1
2,0,0,0,0,1,0,1,1,0,0,0,16,12,20,13,12,8,7,5,5,1,5,6,1,1,0,0,0,0,0,0,1,3,3,1,0,1,1,1,1,0,1,4,0,2,1,2,6,30,9,9,8,11,3,14,6,5,3,2,0,1,0,1,0,1,0,0,0,0,3,0
1,2,0,0,0,3,0,0,0,0,1,1,7,5,6,9,9,14,3,3,1,3,3,7,1,1,0,0,0,1,0,0,0,3,3,0,1,2,0,0,1,0,1,1,1,0,1,0,12,15,17,2,6,4,4,5,6,0,4,2,1,1,1,0,0,0,0,0,0,3,3,3
0,0,0,0,0,1,0,1,2,1,0,1,13,20,12,5,7,19,3,6,2,1,2,5,0,1,0,1,0,0,0,0,1,0,3,1,2,0,0,2,2,0,0,0,1,0,0,1,8,16,13,16,9,12,5,2,6,7,3,3,0,0,0,0,1,0,1,0,1,1,0,1
1,0,0,2,1,0,1,1,1,0,0,1,9,7,12,13,6,13,3,2,3,6,1,6,0,0,0,0,0,0,1,1,1,1,1,1,0,0,0,0,0,2,0,0,0,1,1,2,11,10,6,12,7,18,3,0,1,2,3,7,0,0,0,1,1,1,0,0,0,0,0,0
0,2,0,1,0,0,0,0,1,1,0,1,2,9,11,12,16,5,0,3,3,4,2,1,0,1,0,1,0,0,0,0,1,0,3,1,0,0,3,2,0,0,0,0,1,0,1,0,14,13,14,14,11,6,4,4,7,5,3,1,0,0,1,1,1,0,0,0,0,0,0,3
1,0,0,0,1,1,1,0,2,0,0,0,17,13,11,10,6,9,7,0,2,6,2,6,1,0,1,0,1,0,0,0,0,3,0,3,0,0,0,0,2,0,0,1,0,1,0,0,10,9,6,18,5,19,2,3,1,8,3,5,0,0,0,1,1,0,0,0,1,0,0,1
0,1,2,3,2,1,0,1,0,1,1,1,7,6,9,11,15,15,2,4,4,7,5,3,0,0,0,1,1,0,0,0,1,0,0,1,1,0,1,2,0,0,0,0,1,2,1,2,12,12,19,16,12,12,5,5,5,7,5,2,0,0,0,1,1,0,0,0,1,0,0,1
2,0,1,0,1,0,0,2,1,0,0,0,14,17,25,14,4,9,5,5,12,4,2,1,1,1,1,0,0,0,0,0,0,3,3,3,0,0,0,2,0,1,0,0,0,2,3,1,20,1,7,11,16,7,3,0,2,5,8,3,0,0,0,1,1,1,0,0,0,0,0,0
2,0,0,0,0,0,2,0,0,0,1,0,11,7,19,20,18,8,5,1,4,3,5,1,1,0,0,0,1,0,0,0,1,3,0,1,0,0,1,0,1,0,1,0,0,0,2,0,5,6,5,13,15,23,1,0,2,3,10,4,1,0,1,0,1,0,0,0,0,3,0,3
0,1,0,0,1,0,1,3,0,0,1,1,18,14,4,10,16,17,8,8,2,2,5,6,1,1,0,0,0,1,0,0,0,3,3,0,0,1,0,2,0,0,0,0,0,0,2,1,13,4,6,16,17,9,1,2,1,7,5,4,0,0,0,1,1,1,0,0,0,0,0,0
0,1,0,0,1,1,3,1,0,2,4,0,10,8,23,11,30,5,5,3,4,3,14,2,1,0,0,0,1,1,0,0,0,3,0,0,0,2,1,1,0,0,0,0,0,1,2,1,10,6,8,17,19,20,6,2,6,7,9,5,0,0,0,1,0,0,0,1,1,0,1,1
1,1,3,0,0,1,2,2,4,1,0,1,9,15,20,6,6,5,5,10,11,3,0,1,1,1,1,0,0,0,0,0,0,3,3,3,0,1,0,2,0,1,0,0,1,1,1,1,5,6,21,21,7,17,0,1,3,8,2,6,0,0,0,1,0,1,0,1,0,0,1,0
1,0,1,1,2,0,1,1,1,1,0,1,11,10,17,14,7,21,7,2,6,4,3,3,0,0,1,0,1,0,1,0,0,1,0,3,2,1,1,0,3,1,2,0,0,1,1,0,15,12,17,6,14,8,7,7,2,1,6,5,1,0,0,0,1,0,0,0,1,3,0,1
1,2,0,0,0,1,4,0,2,0,0,0,21,14,17,7,14,4,7,5,5,2,4,2,1,1,1,0,0,0,0,0,0,3,3,3,3,0,0,0,0,2,1,0,1,2,1,0,15,10,9,12,18,5,7,2,3,3,8,3,1,0,0,0,1,1,0,0,0,3,0,0
0,1,0,0,2,1,0,1,1,0,0,0,10,9,7,10,13,6,4,3,2,4,6,1,0,0,0,0,0,0,1,1,1,1,1,1,1,2,1,0,0,3,2,2,0,0,1,1,14,15,12,10,6,14,7,7,7,1,1,6,1,1,0,0,0,1,0,0,0,3,3,0
0,0,1,0,0,1,1,1,3,0,0,1,21,18,14,2,10,16,10,8,8,0,2,5,1,1,1,0,0,0,0,0,0,3,3,3,0,1,0,1,2,0,2,0,0,1,2,1,14,12,12,8,16,12,4,5,5,4,7,5,0,0,0,0,1,1,1,0,0,1,0,0
2,0,1,0,0,1,2,3,1,0,2,4,8,10,8,7,11,30,5,5,3,3,3,14,1,1,0,0,0,1,0,0,0,3,3,0,0,0,0,1,2,0,0,0,0,4,2,3,7,20,1,21,11,16,2,3,0,7,5,8,0,0,0,1,1,1,0,0,0,0,0,0
2,0,2,0,1,0,0,0,0,1,1,0,7,2,9,18,12,16,4,0,3,6,4,2,1,0,1,0,1,0,0,0,0,3,0,3,1,0,0,0,0,1,1,1,0,1,0,2,10,5,6,10,13,15,4,1,0,2,3,10,1,1,0,0,0,1,0,0,0,3,3,0
0,1,0,1,1,2,0,1,1,2,1,0,10,11,10,14,14,7,1,7,2,7,4,3,0,0,0,1,0,1,0,1,0,0,1,0,0,0,1,0,2,0,0,0,0,1,0,2,2,13,4,21,16,17,0,1,2,10,7,5,0,0,0,1,1,1,0,0,0,0,0,0
0,1,0,3,0,1,2,1,0,1,0,0,12,17,13,15,10,6,3,7,0,7,6,2,0,1,0,1,0,1,0,0,0,0,3,0,0,0,0,2,2,0,1,0,0,0,0,1,18,14,13,7,14,11,6,4,4,4,5,3,0,0,0,1,1,1,0,0,0,0,0,0
1,0,1,0,3,2,1,0,1,2,1,1,8,7,6,14,11,15,4,2,4,4,7,5,0,0,0,0,1,1,1,0,0,1,0,0,0,0,0,0,0,0,0,0,0,0,1,1,10,11,10,10,12,7,4,3,0,4,2,3,0,0,0,0,1,1,1,0,0,1,0,0
0,2,0,1,0,0,1,2,0,1,0,1,10,11,7,10,20,18,2,5,1,4,3,5,0,1,0,1,0,1,0,0,0,0,3,0,0,0,1,0,2,0,1,0,0,2,1,1,7,5,6,26,21,7,2,0,1,12,8,2,0,0,0,1,1,0,0,0,1,0,0,1
0,1,1,0,0,0,2,2,2,1,1,0,26,9,15,7,6,6,12,5,10,2,3,0,1,1,1,0,0,0,0,0,0,3,3,3,0,0,2,2,1,0,0,0,0,2,1,2,7,10,6,8,17,19,3,6,2,5,7,9,0,0,0,1,1,0,0,0,1,0,0,1
0,2,0,0,0,0,0,0,1,1,0,0,8,16,12,17,13,12,2,7,5,2,1,5,0,1,1,1,0,0,0,0,0,0,3,3,2,0,1,0,0,1,1,2,1,0,3,3,12,11,16,12,10,14,4,3,5,2,5,8,1,0,0,0,1,1,0,0,0,3,0,0
0,2,0,0,2,2,2,0,2,1,0,0,10,16,19,9,8,6,5,7,9,3,5,2,1,0,0,0,0,0,0,1,1,3,1,1,0,0,2,0,0,0,0,1,0,0,0,1,9,16,7,10,16,10,5,6,3,1,4,2,0,1,1,0,0,0,1,0,0,1,3,3
1,1,2,0,0,0,0,0,0,2,0,1,4,7,5,14,9,9,0,3,3,5,3,3,0,1,1,1,0,0,0,0,0,0,3,3,0,1,2,0,0,0,0,0,1,1,0,0,8,5,7,15,12,16,2,2,5,4,2,2,0,1,1,1,0,0,0,0,0,0,3,3
0,0,0,2,0,0,0,0,1,1,1,0,12,16,7,12,16,10,2,4,3,4,6,0,0,0,1,1,1,0,0,0,0,0,0,3,1,1,1,1,1,0,0,1,1,0,1,1,7,14,11,8,11,19,2,4,6,4,7,4,0,0,1,0,0,0,1,1,0,1,1,3
0,0,0,0,1,1,0,0,1,0,0,1,10,12,19,9,5,11,1,2,4,5,2,6,0,0,0,0,1,1,1,0,0,1,0,0,1,0,0,0,1,0,0,0,0,1,0,1,5,9,7,24,7,20,2,3,2,5,3,6,0,0,0,0,1,1,1,0,0,1,0,0
0,0,3,1,0,1,1,1,1,0,0,0,24,12,14,5,11,12,5,2,6,2,3,7,0,1,1,0,0,0,1,0,0,1,3,3,0,2,1,0,1,0,1,0,0,2,1,0,9,13,6,10,9,13,3,6,2,5,3,0,0,0,1,1,0,0,0,1,0,0,1,3
1,0,0,1,2,2,0,1,0,0,2,1,8,6,16,7,15,7,4,1,2,2,7,5,0,0,0,0,1,1,1,0,0,1,0,0,0,3,0,0,0,0,1,1,1,1,0,0,11,11,18,16,7,7,3,7,5,4,2,1,0,1,1,0,0,0,1,0,0,1,3,3
0,2,0,0,0,0,1,1,3,1,0,0,16,21,16,11,5,1,4,8,8,3,0,0,0,1,1,0,0,0,1,0,0,1,3,3,1,2,0,1,2,2,0,0,0,3,0,0,5,8,16,17,16,9,2,5,2,5,7,3,0,0,0,1,0,1,0,1,0,0,1,0
0,2,0,0,1,0,1,2,1,0,0,0,15,16,11,8,12,13,4,7,3,2,5,4,1,1,1,0,0,0,0,0,0,3,3,3,0,1,2,1,0,1,2,1,1,0,0,1,14,12,15,4,2,6,5,4,5,0,0,4,1,1,1,0,0,0,0,0,0,3,3,3
1,0,0,1,0,0,3,0,1,0,1,0,17,13,20,5,5,7,5,3,6,2,1,2,1,0,1,0,1,0,0,0,0,3,0,3,0,0,1,0,1,1,1,1,4,0,2,1,17,6,30,8,9,8,2,3,14,2,5,3,1,0,1,0,1,0,0,0,0,3,0,3
1,0,2,0,0,0,0,0,0,0,1,0,8,8,16,11,17,13,5,2,7,2,2,1,1,0,1,0,1,0,0,0,0,3,0,3,0,0,2,1,0,1,1,1,0,4,2,1,4,9,13,20,10,9,3,3,6,11,5,3,0,0,0,1,1,0,0,0,1,0,0,1
2,0,2,2,0,2,0,2,0,0,1,0,24,10,16,11,9,8,8,5,7,5,3,5,0,1,0,0,0,0,1,0,1,1,3,1,0,2,0,1,0,0,0,1,2,0,0,3,11,12,11,8,12,10,2,4,3,5,2,5,0,1,0,1,0,1,0,0,0,0,3,0
2,1,1,0,0,0,0,0,0,0,2,0,19,4,7,7,14,9,6,0,3,2,5,3,1,0,1,0,1,0,0,0,0,3,0,3,0,0,3,1,0,0,0,1,1,0,1,0,19,11,11,5,16,7,2,3,7,2,4,2,0,0,1,1,0,0,0,1,0,0,1,3
1,0,2,0,0,0,0,1,1,1,1,0,23,16,21,3,11,5,3,4,8,2,3,0,0,0,1,0,0,0,1,1,0,1,1,3,0,1,0,0,0,1,0,0,0,1,1,0,7,5,9,18,24,7,1,2,3,3,5,3,0,0,0,1,0,1,0,1,0,0,1,0
1,0,2,1,0,1,0,1,2,1,0,0,8,15,16,14,8,12,5,4,7,7,2,5,0,1,1,1,0,0,0,0,0,0,3,3,2,0,0,2,0,0,0,0,1,0,0,0,11,9,16,24,10,16,5,5,6,8,1,4,0,0,1,0,0,0,1,1,0,1,1,3
1,0,0,1,2,0,1,0,0,2,1,1,10,12,16,13,12,16,4,2,4,5,4,6,0,0,0,1,1,1,0,0,0,0,0,0,0,1,2,1,1,2,1,0,0,0,3,0,3,5,8,23,17,16,2,2,5,3,5,7,0,0,0,0,1,0,1,0,1,1,0,1
1,1,0,0,1,0,0,3,0,1,0,1,6,17,13,11,5,5,3,5,3,6,2,1,0,1,0,0,0,1,1,0,0,1,3,0,1,1,1,1,1,1,2,0,1,1,0,1,13,7,14,10,8,11,5,2,4,4,4,7,1,0,0,0,0,0,0,1,1,3,1,1
0,0,0,0,0,1,1,0,0,0,0,0,18,10,12,7,9,5,3,1,2,1,5,2,1,0,0,0,0,1,0,1,0,3,1,0,1,0,1,1,1,0,1,2,1,0,0,0,14,14,12,8,4,2,7,5,4,5,0,0,1,1,1,0,0,0,0,0,0,3,3,3
1,0,0,0,1,0,4,1,1,1,0,0,20,24,12,4,5,11,11,5,2,3,2,3,1,0,1,0,0,0,0,1,0,3,1,3,0,0,1,2,0,0,0,0,0,0,1,0,7,8,5,19,15,12,2,2,2,6,4,2,0,0,1,1,1,0,0,0,0,0,0,3
1,1,0,0,1,2,0,0,1,0,0,2,5,8,6,19,7,15,2,4,1,2,2,7,1,0,0,0,0,1,0,1,0,3,1,0,0,0,0,1,0,1,1,1,1,0,0,2,11,17,6,6,8,9,6,2,3,3,2,5,0,1,0,0,0,1,1,0,0,1,3,0
0,1,2,2,0,0,1,4,0,1,0,0,33,21,14,8,7,14,15,7,5,4,2,4,0,1,1,1,0,0,0,0,0,0,3,3,1,0,1,2,1,2,0,2,0,1,1,2,8,14,12,23,8,16,2,4,5,9,4,7,0,0,0,1,0,1,0,1,0,0,1,0
0,0,1,2,0,2,1,0,1,3,0,0,6,10,9,12,10,13,2,4,3,6,4,6,0,0,0,1,0,0,0,1,1,0,1,1,0,1,0,1,0,0,0,1,1,0,1,0,14,10,5,16,10,13,4,4,1,3,2,3,0,1,1,1,0,0,0,0,0,0,3,3
2,0,0,1,0,0,1,1,1,0,0,0,23,21,18,8,2,10,9,10,8,2,0,2,1,1,1,0,0,0,0,0,0,3,3,3,0,0,0,1,0,2,1,1,0,0,2,1,15,7,5,16,26,21,4,2,0,5,12,8,0,0,0,0,1,1,1,0,0,1,0,0
1,2,0,0,0,1,0,0,0,0,1,1,16,7,2,14,18,12,3,4,0,4,6,4,1,1,0,0,0,1,0,0,0,3,3,0,0,0,0,0,0,0,0,0,0,0,0,1,10,10,11,20,10,12,2,4,3,6,4,2,0,0,0,0,0,1,1,1,0,1,1,0
0,0,1,1,0,0,2,2,2,0,1,1,24,26,9,7,7,6,8,12,5,4,2,3,1,1,1,0,0,0,0,0,0,3,3,3,1,0,0,1,2,2,0,1,0,0,0,0,8,18,14,6,7,14,2,6,4,2,4,5,0,0,0,0,1,1,1,0,0,1,0,0
2,0,1,1,1,1,0,0,1,0,2,1,10,10,11,10,14,14,3,1,7,3,7,4,1,0,0,0,1,0,0,0,1,3,0,1,1,0,0,0,2,1,0,0,0,2,2,1,7,7,10,24,8,17,4,3,6,8,5,7,0,0,0,1,1,1,0,0,0,0,0,0
1,0,1,1,3,0,0,2,1,0,1,0,6,12,17,8,15,10,2,3,7,2,7,6,0,0,1,0,1,0,1,0,0,1,0,3,0,0,0,0,1,2,0,0,0,2,4,2,5,7,20,6,21,11,3,2,3,4,7,5,0,0,0,1,1,1,0,0,0,0,0,0
1,0,2,0,1,0,0,1,2,1,1,0,16,10,11,15,10,20,5,2,5,4,4,3,0,0,1,0,1,0,1,0,0,1,0,3,2,1,2,0,0,0,3,2,2,1,0,1,12,14,15,6,10,6,6,7,7,2,1,1,1,1,1,0,0,0,0,0,0,3,3,3
0,1,0,0,0,3,0,1,0,0,2,1,20,8,7,10,14,11,6,4,2,2,4,7,0,0,0,0,0,1,1,1,0,1,1,0,2,3,0,0,0,0,1,1,0,1,2,1,8,15,10,33,12,18,4,7,2,15,3,8,1,1,0,0,0,1,0,0,0,3,3,0
0,2,0,0,0,0,2,2,3,0,0,2,6,8,10,5,7,11,4,5,5,3,3,3,1,1,1,0,0,0,0,0,0,3,3,3,1,0,0,2,0,2,0,0,0,0,1,0,10,2,13,10,21,16,3,0,1,3,10,7,0,0,0,1,1,1,0,0,0,0,0,0
1,0,1,0,2,0,0,1,4,0,1,0,23,33,21,10,8,7,5,15,7,2,4,2,1,0,1,0,1,0,0,0,0,3,0,3,3,2,1,0,0,0,1,3,2,0,1,0,21,12,14,6,6,10,7,6,7,2,2,1,1,1,1,0,0,0,0,0,0,3,3,3
0,0,0,0,2,0,0,1,0,0,3,0,12,6,10,11,12,10,2,2,4,6,6,4,0,0,0,0,1,0,1,0,1,1,0,1,1,0,2,0,1,0,0,0,1,2,0,0,7,11,12,14,8,12,2,2,4,4,5,2,0,0,1,1,1,0,0,0,0,0,0,3
0,1,0,0,0,0,1,0,0,0,0,1,10,8,8,14,11,17,2,5,2,7,2,2,1,1,0,0,0,1,0,0,0,3,3,0,0,1,0,1,1,2,1,0,1,3,0,0,7,8,18,20,6,7,2,2,6,11,2,4,0,0,0,1,0,1,0,1,0,0,1,0
1,0,2,1,0,0,2,2,2,0,0,0,12,6,8,8,5,7,7,4,5,3,3,3,1,1,1,0,0,0,0,0,0,3,3,3,2,0,0,0,1,0,1,0,1,1,0,1,12,19,11,7,5,16,5,2,3,2,2,4,1,0,0,0,1,0,0,0,1,3,0,1
0,1,2,2,0,0,0,0,0,1,0,1,11,16,7,13,14,18,2,3,4,6,4,6,0,1,1,1,0,0,0,0,0,0,3,3,2,2,3,0,0,0,0,1,1,1,1,2,8,8,15,12,33,12,3,4,7,5,15,3,1,1,1,0,0,0,0,0,0,3,3,3
1,0,0,0,1,0,3,2,2,1,0,1,20,24,26,7,7,7,11,8,12,2,4,2,1,1,1,0,0,0,0,0,0,3,3,3,0,2,0,1,2,0,0,0,0,0,0,0,14,11,9,9,24,10,7,5,5,2,8,1,0,0,0,1,0,0,0,1,1,0,1,1
0,1,1,3,0,1,1,0,3,1,1,0,12,6,17,16,11,5,4,3,5,11,6,2,0,0,1,1,0,0,0,1,0,0,1,3,2,0,0,0,0,1,2,0,0,1,2,4,15,5,7,13,6,21,9,3,2,3,4,7,1,0,0,0,1,1,0,0,0,3,0,0
0,2,0,1,1,1,0,0,0,2,0,2,17,10,10,14,10,14,0,3,1,7,3,7,0,1,0,1,0,1,0,0,0,0,3,0,0,0,1,0,0,0,0,0,0,0,1,1,6,7,5,14,18,24,1,1,2,5,3,5,0,0,0,0,1,0,1,0,1,1,0,1
0,0,0,2,0,0,0,1,0,2,0,0,7,18,10,23,7,9,3,3,1,10,1,5,0,1,0,1,0,0,0,0,1,0,3,1,2,0,0,0,0,0,1,0,0,0,0,0,13,10,10,11,20,10,6,2,4,2,6,4,1,0,0,0,0,0,0,1,1,3,1,1
0,1,1,0,0,1,0,0,0,0,0,0,6,5,8,22,19,7,0,2,4,3,2,2,0,1,0,0,0,0,1,0,1,1,3,1,0,1,0,1,2,1,0,0,2,0,1,1,10,8,14,23,23,8,2,2,4,5,9,4,0,0,0,1,1,0,0,0,1,0,0,1
0,1,0,3,0,1,0,0,1,1,1,1,6,16,10,21,15,10,2,5,2,7,4,4,0,0,0,1,0,1,0,1,0,0,1,0,1,1,0,0,0,2,2,0,0,0,2,2,14,7,7,17,24,8,7,4,3,0,8,5,1,0,0,0,1,1,0,0,0,3,0,0
1,2,0,0,1,0,0,1,1,0,0,0,24,23,21,6,8,2,8,9,10,2,2,0,1,1,1,0,0,0,0,0,0,3,3,3,0,0,0,1,2,0,0,0,0,1,0,1,7,7,8,25,19,15,4,2,2,8,6,4,0,0,0,1,1,1,0,0,0,0,0,0
0,2,1,2,0,0,1,0,0,1,0,2,7,19,4,12,7,14,2,6,0,5,2,5,0,1,0,1,0,1,0,0,0,0,3,0,0,0,0,0,1,0,0,1,1,1,4,2,14,4,9,10,20,10,7,3,3,2,11,5,0,0,0,1,1,1,0,0,0,0,0,0
0,1,0,0,0,0,0,0,1,0,1,1,14,23,16,6,3,11,5,3,4,1,2,3,0,0,0,0,0,0,1,1,1,1,1,1,1,1,0,1,2,0,0,0,0,2,0,1,8,10,2,12,10,21,3,3,0,7,3,10,0,0,0,1,1,1,0,0,0,0,0,0
1,1,0,0,1,0,0,0,1,0,1,0,9,8,15,14,14,8,2,5,4,7,7,2,1,0,1,0,1,0,0,0,0,3,0,3,0,0,1,0,1,0,0,0,1,0,0,1,11,14,10,12,16,10,6,4,4,2,3,2,0,0,1,0,1,0,1,0,0,1,0,3
1,1,0,0,0,1,1,4,1,0,1,0,25,20,24,7,4,5,8,11,5,4,3,2,1,1,0,0,0,0,0,0,1,3,3,1,0,0,0,1,1,0,0,1,1,0,0,2,6,15,7,24,16,26,2,4,2,8,5,12,0,0,0,1,0,1,0,1,0,0,1,0
0,1,0,2,1,3,1,0,2,2,0,1,13,6,12,15,8,15,3,2,3,9,2,7,0,0,0,1,0,1,0,1,0,0,1,0,3,1,1,0,1,1,1,2,0,1,1,0,16,13,7,12,10,8,11,5,2,4,4,4,1,1,0,0,0,0,0,0,1,3,3,1
0,0,1,2,0,0,1,0,1,0,0,2,12,20,8,8,10,14,5,6,4,3,2,4,0,0,0,1,0,0,0,1,1,0,1,1,1,0,1,0,1,1,0,1,0,0,0,3,7,3,5,16,23,17,4,2,2,4,3,5,1,0,0,0,0,1,0,1,0,3,1,0
0,1,0,1,1,2,0,1,0,0,2,1,16,10,12,7,13,12,4,4,2,4,5,4,0,0,0,1,1,1,0,0,0,0,0,0,2,1,0,0,1,1,2,1,2,0,0,0,23,14,14,7,8,4,10,7,5,3,5,0,1,1,1,0,0,0,0,0,0,3,3,3
0,2,0,1,2,0,2,0,2,0,0,1,14,24,10,7,11,9,4,8,5,2,5,3,1,0,1,0,0,0,0,1,0,3,1,3,0,0,0,0,1,0,0,1,1,0,0,0,22,11,17,6,6,8,3,6,2,0,3,2,0,0,1,0,0,0,1,1,0,1,1,3
1,0,1,1,3,0,2,0,0,2,1,1,26,6,16,10,21,15,10,2,5,5,7,4,0,0,0,0,1,0,1,0,1,1,0,1,0,1,0,0,0,1,0,0,1,0,0,0,7,7,3,17,16,23,3,4,2,3,4,3,0,1,0,0,0,0,1,0,1,1,3,1
0,1,2,0,0,1,2,0,1,0,0,0,25,24,23,8,6,8,8,8,9,1,2,2,1,1,1,0,0,0,0,0,0,3,3,3,0,0,0,1,0,1,1,0,1,0,1,4,15,14,4,18,10,20,7,7,3,8,2,11,0,0,0,0,1,1,1,0,0,1,0,0
1,0,2,0,2,0,0,1,0,1,1,0,18,7,19,15,12,7,8,2,6,7,5,2,0,0,1,0,1,0,1,0,0,1,0,3,2,0,0,0,0,1,0,0,0,2,0,0,3,11,14,23,12,16,2,6,4,6,2,3,0,0,0,0,0,1,1,1,0,1,1,0
1,0,1,0,0,0,4,0,0,0,0,1,22,14,23,7,6,3,9,5,3,4,1,2,1,0,0,0,0,0,0,1,1,3,1,1,1,3,1,1,0,1,0,1,2,1,1,1,11,16,13,11,12,10,5,11,5,1,4,4,0,1,1,1,0,0,0,0,0,0,3,3
0,1,1,2,0,1,2,0,0,0,0,1,23,9,8,3,14,14,6,2,5,2,7,7,0,1,0,0,0,1,1,0,0,1,3,0,0,0,0,2,1,1,2,0,1,3,0,0,16,6,15,16,24,16,6,2,4,7,8,5,0,0,0,1,1,0,0,0,1,0,0,1
0,0,1,1,1,1,0,0,1,0,0,2,6,16,10,22,7,13,2,4,4,6,4,5,0,0,0,1,1,1,0,0,0,0,0,0,0,0,0,0,1,2,0,0,0,2,1,0,8,7,7,25,25,19,1,4,2,8,8,6,0,0,0,1,1,1,0,0,0,0,0,0
1,0,1,1,2,1,1,1,0,0,2,0,11,13,6,11,15,8,1,3,2,5,9,2,1,0,0,0,1,0,0,0,1,3,0,1,0,1,1,1,1,2,0,0,0,4,2,0,7,8,10,22,12,10,4,3,3,9,7,3,0,0,0,1,1,1,0,0,0,0,0,0
0,0,2,1,1,2,2,2,0,2,0,0,16,14,24,16,7,11,2,4,8,9,2,5,0,1,0,1,0,0,0,0,1,0,3,1,1,2,1,0,0,1,0,2,1,0,0,0,22,23,14,6,7,8,6,10,7,2,3,5,1,1,1,0,0,0,0,0,0,3,3,3
0,0,0,0,2,0,0,1,0,0,0,0,17,12,20,7,8,10,3,5,6,3,3,2,0,0,0,0,1,0,1,0,1,1,0,1,1,0,0,0,0,1,2,0,1,2,0,0,16,22,11,16,6,6,9,3,6,2,0,3,1,0,0,0,0,0,0,1,1,3,1,1
0,0,0,0,0,2,1,0,1,0,0,3,14,12,6,13,11,12,3,2,2,1,6,6,1,0,0,0,0,1,0,1,0,3,1,0,0,0,2,1,1,2,0,0,0,3,0,0,5,14,11,14,9,24,1,7,5,5,2,8,0,0,0,1,1,0,0,0,1,0,0,1
0,0,1,1,0,0,0,1,0,2,0,0,5,10,8,18,14,11,2,2,5,8,7,2,0,1,1,1,0,0,0,0,0,0,3,3,1,3,2,0,0,0,2,1,3,3,0,1,14,21,12,11,6,6,9,7,6,4,2,2,0,1,1,0,0,0,1,0,0,1,3,3
0,1,0,0,1,0,0,2,2,0,0,0,5,12,6,25,8,5,0,7,4,8,3,3,0,1,1,0,0,0,1,0,0,1,3,3,1,2,2,1,0,0,1,0,1,1,1,1,19,8,8,11,12,33,6,3,4,3,5,15,0,1,1,0,0,0,1,0,0,1,3,3
1,0,1,1,2,0,1,0,0,1,1,0,11,11,16,19,13,14,3,2,3,6,6,4,0,0,1,0,1,0,1,0,0,1,0,3,0,2,0,1,0,0,1,2,0,0,1,2,10,15,5,12,13,6,3,9,3,6,3,4,0,1,0,0,0,1,1,0,0,1,3,0
2,0,2,0,1,1,1,0,0,1,2,0,9,17,10,17,14,10,5,0,3,7,7,3,1,0,1,0,1,0,0,0,0,3,0,3,1,0,1,1,1,2,2,0,0,1,0,1,11,10,8,19,23,23,4,2,2,6,5,9,1,0,0,0,1,1,0,0,0,3,0,0
1,1,0,0,0,1,3,3,2,0,1,0,14,20,24,5,7,7,5,11,8,1,2,4,1,1,1,0,0,0,0,0,0,3,3,3,0,1,0,0,0,1,0,0,0,1,2,0,13,7,11,14,14,8,1,2,2,3,4,5,0,0,0,1,1,1,0,0,0,0,0,0
1,0,1,0,3,0,0,1,0,1,1,1,12,12,6,10,16,11,6,4,3,3,11,6,0,0,0,0,1,0,1,0,1,1,0,1,0,2,0,0,0,0,1,1,0,1,0,0,13,13,10,7,11,20,5,6,2,2,2,6,0,1,0,0,0,0,1,0,1,1,3,1
0,0,0,0,2,0,1,0,1,1,2,0,7,7,18,13,23,7,2,3,3,5,10,1,0,0,1,0,1,0,1,0,0,1,0,3,1,0,1,0,1,1,2,1,0,0,3,0,18,7,8,5,20,6,8,2,2,2,11,2,1,0,0,0,1,0,0,0,1,3,0,1
1,0,1,1,0,0,1,0,0,2,0,0,19,6,5,11,22,19,6,0,2,4,3,2,0,0,1,1,0,0,0,1,0,0,1,3,0,0,0,2,0,0,1,0,0,1,0,1,17,6,7,9,14,18,7,1,1,5,5,3,0,0,0,1,0,1,0,1,0,0,1,0
0,1,0,1,0,2,3,0,1,2,0,1,11,23,33,14,10,8,4,5,15,9,2,4,0,1,0,0,0,1,1,0,0,1,3,0,0,2,0,0,0,1,0,1,0,0,1,0,25,12,19,5,7,5,8,5,2,0,2,2,0,1,0,0,0,1,1,0,0,1,3,0
2,1,1,0,0,0,3,1,4,2,0,1,16,25,20,16,7,4,7,8,11,6,4,3,1,1,1,0,0,0,0,0,0,3,3,3,1,1,1,1,0,0,2,2,0,2,0,2,10,14,7,26,17,24,5,7,4,10,0,8,0,1,0,0,0,1,1,0,0,1,3,0
3,0,1,0,0,0,2,2,0,0,0,0,21,25,24,1,8,6,12,8,8,1,1,2,1,1,1,0,0,0,0,0,0,3,3,3,1,1,3,0,1,0,0,0,1,2,1,1,7,11,16,17,11,12,1,5,11,6,1,4,0,0,1,1,1,0,0,0,0,0,0,3
0,0,0,0,1,1,0,2,2,0,2,0,10,16,14,15,16,7,1,2,4,4,9,2,0,0,1,0,1,0,1,0,0,1,0,3,0,2,0,0,0,0,0,0,0,0,2,0,11,3,11,3,23,12,4,2,6,1,6,2,0,0,0,0,0,0,1,1,1,1,1,1
0,1,0,0,0,2,0,0,1,0,1,1,3,18,7,11,15,12,1,8,2,4,7,5,0,0,0,0,0,1,1,1,0,1,1,0,0,1,1,0,1,0,1,2,2,1,2,0,3,10,14,31,26,17,1,5,7,8,10,0,0,0,1,0,0,0,1,1,0,1,1,3
0,0,0,0,1,1,0,0,0,0,0,0,11,6,16,10,22,7,2,2,4,3,6,4,0,0,0,0,1,1,1,0,0,1,0,0,0,0,1,1,1,1,2,0,0,0,4,2,9,7,8,9,22,12,4,4,3,4,9,7,1,0,0,0,1,1,0,0,0,3,0,0
0,2,1,0,0,0,1,3,1,1,2,0,31,16,25,3,16,7,8,7,8,1,6,4,0,1,1,0,0,0,1,0,0,1,3,3,0,0,1,1,0,0,1,0,0,1,0,0,6,7,7,19,17,16,1,3,4,7,3,4,0,0,1,1,0,0,0,1,0,0,1,3
1,1,0,0,1,2,0,1,1,2,0,2,9,11,13,9,11,15,4,1,3,4,5,9,0,1,0,1,0,1,0,0,0,0,3,0,0,0,0,0,2,1,0,2,0,0,3,0,8,16,6,15,16,24,3,6,2,3,7,8,0,0,0,0,1,1,1,0,0,1,0,0
0,0,0,0,0,2,1,0,1,1,0,0,14,17,12,14,7,8,3,3,5,4,3,3,0,0,0,0,0,1,1,1,0,1,1,0,0,0,0,0,0,1,0,0,0,0,2,1,10,8,7,11,25,25,3,1,4,2,8,8,0,0,0,0,1,1,1,0,0,1,0,0
1,1,0,0,1,3,1,2,0,1,2,1,19,26,6,6,10,21,7,10,2,1,5,7,1,0,0,0,0,1,0,1,0,3,1,0,0,1,0,0,0,0,1,2,0,1,2,0,14,16,22,14,16,6,4,9,3,3,2,0,0,1,0,0,0,0,1,0,1,1,3,1
0,1,0,1,0,0,2,4,0,0,0,0,17,22,14,7,7,6,6,9,5,1,4,1,1,1,0,0,0,0,0,0,1,3,3,1,0,1,2,0,0,0,0,0,2,0,0,0,15,22,23,10,6,7,4,6,10,1,2,3,0,1,1,0,0,0,1,0,0,1,3,3
0,0,1,0,2,0,0,2,0,0,0,0,15,23,9,8,3,14,3,6,2,3,2,7,0,0,1,0,0,0,1,1,0,1,1,3,0,0,0,3,1,0,0,1,0,2,0,1,1,15,14,21,18,10,1,7,7,12,8,2,0,0,0,1,0,1,0,1,0,0,1,0
0,0,1,0,1,0,2,3,0,2,2,0,14,11,23,19,14,10,6,4,5,6,9,2,0,0,1,0,0,0,1,1,0,1,1,3,0,0,2,1,0,0,2,1,1,0,1,0,11,13,13,10,7,11,4,5,6,3,2,2,1,0,1,0,0,0,0,1,0,3,1,3
1,0,0,1,0,0,1,1,0,1,0,0,15,14,12,26,13,11,6,3,2,8,1,6,0,1,0,0,0,0,1,0,1,1,3,1,0,0,2,0,0,0,2,0,1,2,0,1,19,25,12,14,5,7,6,8,5,6,0,2,0,0,1,0,0,0,1,1,0,1,1,3
0,0,0,0,1,0,1,0,1,2,2,0,13,5,10,19,18,14,4,2,2,5,8,7,0,0,1,1,1,0,0,0,0,0,0,3,0,1,2,0,1,0,2,1,0,0,1,1,21,19,8,12,11,12,6,6,3,0,3,5,1,0,1,0,0,0,0,1,0,3,1,3
0,0,1,0,0,1,0,0,2,2,0,0,12,5,12,21,25,8,0,0,7,6,8,3,0,0,1,1,0,0,0,1,0,0,1,3,1,0,0,0,2,0,0,1,0,2,1,0,10,17,6,13,9,14,3,7,1,5,5,5,0,0,0,1,1,0,0,0,1,0,0,1
0,1,0,0,1,2,3,1,0,0,1,1,11,11,11,6,19,13,5,3,2,1,6,6,1,0,0,0,0,1,0,1,0,3,1,0,0,0,1,2,0,0,1,0,0,1,1,2,7,13,7,17,14,14,4,1,2,7,3,4,0,0,0,1,1,1,0,0,0,0,0,0
2,1,1,0,0,0,1,3,3,1,0,1,17,14,20,7,5,7,7,5,11,4,1,2,1,1,1,0,0,0,0,0,0,3,3,3,0,1,0,0,1,1,1,2,0,0,1,0,14,11,10,11,19,23,6,4,2,4,6,5,1,1,0,0,0,1,0,0,0,3,3,0
0,2,0,0,0,1,0,1,0,1,1,2,11,9,17,14,17,14,4,5,0,6,7,7,0,1,0,1,0,1,0,0,0,0,3,0,0,0,2,0,1,0,0,1,2,3,0,1,6,10,15,11,12,13,1,3,9,5,6,3,0,0,1,1,0,0,0,1,0,0,1,3
0,1,0,1,1,0,2,1,0,0,2,0,13,19,6,10,11,22,5,6,0,3,4,3,1,0,0,0,1,0,0,0,1,3,0,1,1,0,0,1,1,1,1,0,0,1,3,0,26,5,14,15,14,9,8,1,7,6,5,2,0,0,0,0,1,1,1,0,0,1,0,0
1,1,0,0,0,3,0,0,1,2,1,1,10,12,12,11,10,16,3,6,4,4,3,11,0,0,0,1,0,1,0,1,0,0,1,0,1,1,0,0,0,1,1,2,1,0,0,3,12,18,7,8,5,20,5,8,2,1,2,11,1,1,0,0,0,1,0,0,0,3,3,0
0,0,0,1,0,2,0,1,0,1,1,2,8,7,7,12,13,23,1,2,3,5,5,10,0,0,0,1,0,1,0,1,0,0,1,0,0,1,3,0,0,0,2,2,1,1,3,0,19,14,21,13,11,6,5,9,7,4,4,2,1,0,1,0,0,0,0,1,0,3,1,3
1,0,1,1,0,0,0,0,0,3,0,1,8,3,18,8,11,15,2,1,8,6,4,7,0,0,0,1,0,0,0,1,1,0,1,1,0,0,1,1,0,0,0,2,2,0,1,3,21,19,14,3,13,11,4,5,9,2,4,4,0,1,0,1,0,0,0,0,1,0,3,1
1,0,0,0,1,0,0,0,1,0,1,1,3,8,7,21,12,13,2,1,2,4,5,5,1,0,0,0,1,0,0,0,1,3,0,1,0,0,1,0,0,0,1,1,2,2,1,2,12,14,16,13,14,16,3,4,9,5,3,2,0,0,1,1,0,0,0,1,0,0,1,3
0,0,1,0,1,1,1,2,1,1,0,2,12,13,19,8,10,11,4,5,6,3,3,4,0,1,0,0,0,1,1,0,0,1,3,0,0,0,0,4,1,0,1,2,1,0,0,1,9,11,13,16,10,7,5,4,5,10,3,2,0,1,0,1,0,0,0,0,1,0,3,1
0,3,0,0,0,0,0,2,2,0,0,0,17,21,25,14,1,8,7,12,8,1,1,1,0,1,1,0,0,0,1,0,0,1,3,3,0,1,0,0,1,1,1,1,0,1,1,3,8,26,5,12,15,14,3,8,1,4,6,5,0,0,0,0,0,1,1,1,0,1,1,0
0,0,0,1,0,0,1,0,0,0,2,0,9,12,5,15,21,25,4,0,0,5,6,8,0,0,0,0,1,0,1,0,1,1,0,1,0,1,1,0,0,1,0,0,0,0,2,1,14,7,11,17,17,11,1,1,5,7,6,1,0,0,0,0,1,1,1,0,0,1,0,0
1,2,1,0,0,0,2,1,3,1,1,0,21,17,14,6,7,5,9,7,5,4,4,1,1,1,1,0,0,0,0,0,0,3,3,3,1,1,0,0,0,2,0,0,1,1,2,1,15,10,17,9,13,9,5,3,7,4,5,5,0,0,0,0,1,1,1,0,0,1,0,0
0,0,0,0,0,1,1,0,0,1,0,0,12,11,6,8,10,22,4,2,2,5,3,6,0,0,0,0,0,1,1,1,0,1,1,0,0,0,2,1,0,0,0,0,0,0,0,2,8,11,3,17,3,23,2,4,2,2,1,6,0,0,0,1,0,0,0,1,1,0,1,1
1,1,1,1,0,0,0,0,0,0,2,1,10,10,12,17,11,10,4,3,6,2,4,3,0,0,0,0,1,0,1,0,1,1,0,1,0,0,0,1,0,0,0,0,0,1,0,2,13,10,8,15,11,25,1,3,1,4,2,8,0,0,0,1,0,1,0,1,0,0,1,0
0,0,2,0,0,0,2,0,1,0,1,1,11,11,9,6,14,17,6,4,5,3,6,7,1,0,1,0,1,0,0,0,0,3,0,3,0,0,0,1,2,0,0,1,0,1,1,1,11,7,13,9,17,14,3,4,1,5,7,3,0,0,0,1,1,1,0,0,0,0,0,0
1,0,2,0,0,0,3,1,3,0,1,2,20,31,16,7,3,16,10,8,7,0,1,6,1,0,1,0,0,0,0,1,0,3,1,3,0,0,1,0,0,1,1,2,1,0,0,1,12,21,19,13,12,11,2,6,6,2,0,3,1,1,0,0,0,0,0,0,1,3,3,1
4,0,0,0,0,1,0,2,3,1,2,2,16,14,11,9,19,14,10,6,4,5,6,9,1,0,0,0,0,0,0,1,1,3,1,1,0,0,0,1,1,0,0,1,0,3,1,0,7,6,7,20,19,17,0,1,3,10,7,3,0,0,0,1,1,0,0,0,1,0,0,1
0,1,1,0,0,1,2,1,2,1,1,2,13,19,26,12,6,10,5,7,10,3,1,5,1,1,0,0,0,0,0,0,1,3,3,1,0,0,0,2,3,1,0,0,1,1,2,0,11,1,15,20,21,18,5,1,7,9,12,8,0,0,0,1,1,0,0,0,1,0,0,1
0,1,0,2,1,0,0,1,1,2,1,0,10,15,14,14,26,13,3,6,3,10,8,1,0,0,1,1,0,0,0,1,0,0,1,3,1,0,1,1,0,1,3,1,2,0,1,2,8,3,10,8,31,26,6,1,5,2,8,10,1,0,0,0,0,0,0,1,1,3,1,1
0,0,0,0,0,1,0,1,0,1,2,2,13,13,5,12,19,18,2,4,2,2,5,8,0,0,0,1,1,1,0,0,0,0,0,0,1,0,1,1,0,0,2,0,0,3,0,0,11,15,22,16,10,6,4,4,6,7,1,2,0,0,1,1,0,0,0,1,0,0,1,3
1,0,1,0,0,1,1,3,1,0,0,1,9,11,11,11,6,19,5,5,3,3,1,6,1,1,0,0,0,0,0,0,1,3,3,1,0,0,0,0,1,1,1,2,0,1,0,4,8,9,7,12,9,22,5,4,4,4,4,9,0,1,0,0,0,1,1,0,0,1,3,0
2,0,0,0,0,2,1,0,2,0,0,0,20,15,23,11,8,3,9,3,6,5,3,2,1,0,0,0,0,0,0,1,1,3,1,1,0,0,0,0,0,1,0,0,1,2,3,0,6,6,10,11,11,12,3,1,3,6,5,6,0,0,0,1,1,0,0,0,1,0,0,1
1,0,0,0,0,0,1,1,0,0,1,0,15,14,17,13,14,7,4,3,3,1,4,3,1,0,0,0,0,0,0,1,1,3,1,1,2,0,0,0,0,2,0,0,2,2,0,3,10,8,16,16,15,16,4,3,6,4,3,7,0,0,0,0,0,1,1,1,0,1,1,0
1,0,0,0,0,1,0,0,2,0,0,2,17,10,16,8,15,16,2,1,2,2,4,9,1,0,0,0,0,1,0,1,0,3,1,0,0,0,1,1,0,1,1,1,2,2,0,1,6,14,11,21,11,19,4,6,4,9,4,6,0,1,1,1,0,0,0,0,0,0,3,3
1,0,1,1,1,0,3,2,4,2,0,0,16,17,22,11,7,7,7,6,9,4,1,4,1,1,1,0,0,0,0,0,0,3,3,3,1,1,1,1,0,0,0,1,2,0,0,0,17,12,18,10,8,5,2,5,8,4,1,2,0,1,1,0,0,0,1,0,0,1,3,3
0,1,1,2,0,1,2,0,1,0,2,0,16,9,11,10,9,11,4,4,1,4,4,5,0,0,1,0,1,0,1,0,0,1,0,3,2,0,0,0,0,0,2,2,0,0,2,0,14,19,25,10,14,5,10,6,8,3,6,0,1,0,0,0,0,0,0,1,1,3,1,1
2,0,0,0,1,0,0,1,0,1,0,2,9,9,12,8,15,21,4,4,0,1,5,6,1,0,0,0,0,1,0,1,0,3,1,0,1,0,0,1,4,1,0,1,2,0,0,0,9,9,11,8,16,10,3,5,4,3,10,3,0,0,1,0,1,0,1,0,0,1,0,3
1,1,2,0,0,0,2,2,1,0,1,1,19,21,17,3,6,7,10,9,7,1,4,4,1,1,1,0,0,0,0,0,0,3,3,3,0,0,1,2,0,0,1,0,0,0,0,2,8,14,7,9,17,17,1,1,1,4,7,6,0,0,0,1,0,1,0,1,0,0,1,0
0,0,0,0,0,0,0,2,0,0,0,1,11,11,11,12,6,14,4,6,4,2,3,6,0,1,0,0,0,1,1,0,0,1,3,0,1,0,0,0,1,0,0,0,0,1,1,0,9,13,10,18,15,11,2,1,3,3,4,2,0,0,0,0,1,0,1,0,1,1,0,1
1,1,0,1,0,1,2,0,0,0,0,1,12,3,8,9,21,12,4,2,1,4,4,5,1,1,0,0,0,1,0,0,0,3,3,0,0,0,0,0,1,0,1,0,0,1,0,0,11,8,11,14,17,3,2,2,4,4,2,1,0,0,0,0,1,0,1,0,1,1,0,1
2,1,0,0,0,0,0,3,1,0,0,1,22,20,31,6,7,3,6,10,8,3,0,1,1,1,0,0,0,0,0,0,1,3,3,1,1,0,0,1,0,0,0,1,1,2,2,1,9,12,14,12,13,14,4,3,4,4,5,3,0,0,0,1,1,0,0,0,1,0,0,1
1,0,0,1,0,1,0,1,2,0,1,0,8,12,13,9,8,10,3,4,5,3,3,3,0,0,1,0,0,0,1,1,0,1,1,3,0,0,0,0,1,2,0,0,1,0,1,1,12,11,7,11,9,17,2,3,4,4,5,7,0,0,0,0,1,1,1,0,0,1,0,0
0,1,0,2,1,0,0,0,0,1,3,0,5,8,3,14,8,11,1,2,1,7,6,4,0,0,0,1,1,0,0,0,1,0,0,1,0,0,1,0,0,1,3,1,1,0,1,1,11,8,26,21,12,15,5,3,8,5,4,6,1,0,0,0,0,0,0,1,1,3,1,1
0,0,0,0,0,0,1,1,0,1,1,0,14,12,11,11,8,10,4,4,2,2,5,3,0,0,0,0,0,0,1,1,1,1,1,1,0,0,0,2,0,0,0,1,2,0,0,0,6,12,21,22,13,12,3,2,6,6,2,0,0,1,1,1,0,0,0,0,0,0,3,3
0,1,1,1,1,0,1,0,0,0,0,2,18,10,10,9,17,11,3,4,3,2,2,4,0,0,0,0,0,1,1,1,0,1,1,0,2,0,0,0,1,0,1,0,2,0,0,1,14,21,19,5,3,13,7,4,5,1,2,4,1,0,1,0,1,0,0,0,0,3,0,3
0,0,3,0,0,0,0,0,2,3,0,0,21,17,21,11,14,1,5,7,12,5,1,1,0,0,1,1,0,0,0,1,0,0,1,3,0,1,1,1,0,0,0,0,0,2,1,2,3,15,10,19,9,13,1,5,3,10,4,5,0,0,0,1,0,1,0,1,0,0,1,0
0,0,1,1,0,0,2,2,1,0,1,1,15,13,19,13,12,6,8,5,7,4,3,1,1,1,1,0,0,0,0,0,0,3,3,3,1,0,0,0,1,0,0,1,1,1,2,0,11,6,14,21,21,11,8,4,6,6,9,4,0,0,1,0,1,0,1,0,0,1,0,3
1,0,1,1,2,1,2,0,1,0,2,1,21,10,15,4,14,26,5,3,6,1,10,8,1,0,0,0,1,0,0,0,1,3,0,1,0,0,0,1,0,1,1,1,2,0,1,0,3,8,9,13,12,9,1,5,4,5,4,4,0,0,1,0,0,0,1,1,0,1,1,3
0,0,0,1,0,0,1,0,1,0,1,2,8,13,13,20,12,19,3,2,4,7,2,5,0,0,0,0,1,1,1,0,0,1,0,0,2,2,0,1,0,0,1,0,0,1,2,0,13,10,8,9,16,15,5,4,3,3,4,3,1,0,0,0,0,0,0,1,1,3,1,1
1,1,0,0,0,0,0,1,3,1,0,0,13,9,11,3,11,6,5,5,5,1,3,1,0,1,1,0,0,0,1,0,0,1,3,3,1,0,0,0,2,3,0,0,0,2,1,2,13,11,1,15,20,21,4,5,1,8,9,12,0,0,0,1,1,1,0,0,0,0,0,0
1,1,0,0,1,1,1,3,2,2,2,0,9,16,17,13,11,7,3,7,6,6,4,1,0,1,1,0,0,0,1,0,0,1,3,3,1,1,0,1,1,0,0,3,1,2,0,1,4,8,3,21,8,31,1,6,1,5,2,8,0,1,0,1,0,0,0,0,1,0,3,1
1,0,1,0,2,0,3,2,0,1,0,2,21,16,9,7,10,9,8,4,4,3,4,4,1,0,0,0,0,1,0,1,0,3,1,0,0,0,0,4,1,1,1,0,1,1,3,1,11,7,6,15,20,19,2,0,1,7,10,7,0,0,0,1,1,1,0,0,0,0,0,0
1,1,0,2,0,0,1,1,1,1,0,1,9,15,14,13,13,14,3,4,3,5,1,4,0,1,0,1,0,0,0,0,1,0,3,1,0,0,0,0,0,0,0,0,0,2,2,3,4,6,6,16,11,11,0,3,1,7,6,5,0,0,0,1,1,1,0,0,0,0,0,0
0,1,0,1,0,0,1,0,0,0,0,0,21,17,10,11,8,15,6,2,1,8,2,4,0,1,0,0,0,0,1,0,1,1,3,1,0,1,1,1,1,0,2,0,1,1,0,0,13,17,12,9,10,8,6,2,5,3,4,1,0,0,1,0,0,0,1,1,0,1,1,3
0,2,0,0,0,0,2,1,0,0,0,0,16,20,15,4,11,8,7,9,3,0,5,3,1,1,0,0,0,0,0,0,1,3,3,1,0,2,0,1,0,0,1,2,2,3,0,2,7,14,19,21,10,14,3,10,6,8,3,6,0,1,0,1,0,0,0,0,1,0,3,1
4,4,0,0,0,0,1,0,2,1,1,2,15,16,14,11,9,19,7,10,6,2,5,6,1,1,0,0,0,0,0,0,1,3,3,1,1,1,0,0,1,0,0,2,0,1,3,0,20,11,15,8,16,10,7,4,4,3,7,1,0,0,0,0,1,0,1,0,1,1,0,1
0,0,0,0,1,0,1,1,0,1,0,1,9,8,13,13,20,12,3,3,2,6,7,2,0,0,0,0,0,1,1,1,0,1,1,0,0,0,0,0,4,1,0,1,0,1,1,3,7,11,7,13,15,20,2,2,0,5,7,10,0,0,0,1,1,1,0,0,0,0,0,0
0,1,1,1,0,0,1,0,1,0,1,0,19,13,9,6,3,11,9,5,5,2,1,3,0,0,1,0,0,0,1,1,0,1,1,3,1,0,0,2,0,0,0,3,1,2,0,1,7,11,8,15,21,12,2,5,3,4,5,4,0,1,0,1,0,0,0,0,1,0,3,1
1,1,1,0,0,1,3,1,3,1,2,2,21,9,16,7,13,11,12,3,7,4,6,4,1,0,1,0,0,0,0,1,0,3,1,3,2,1,0,0,0,1,0,0,1,2,1,2,15,11,6,18,21,21,4,8,4,5,6,9,0,0,0,0,0,1,1,1,0,1,1,0
0,0,1,2,1,1,0,1,0,0,0,0,6,18,10,16,9,17,4,3,4,4,2,2,0,0,0,1,0,0,0,1,1,0,1,1,1,1,0,0,0,2,0,0,0,1,2,1,6,13,11,19,15,20,2,4,5,9,8,9,0,0,0,0,1,1,1,0,0,1,0,0
0,1,1,0,1,0,1,2,0,0,0,0,12,12,3,13,9,21,4,4,2,1,4,4,1,1,1,0,0,0,0,0,0,3,3,3,0,1,1,1,1,1,1,0,3,3,2,0,7,4,8,21,21,8,4,1,6,12,5,2,0,0,1,1,1,0,0,0,0,0,0,3
0,2,1,0,0,0,1,0,3,0,0,0,18,22,20,6,6,7,6,6,10,1,3,0,1,1,1,0,0,0,0,0,0,3,3,3,0,0,0,0,0,0,2,0,0,1,2,2,16,4,6,10,16,11,7,0,3,3,7,6,1,0,0,0,1,1,0,0,0,3,0,0
0,1,0,0,0,2,1,3,2,0,1,0,13,21,16,7,7,10,5,8,4,2,3,4,1,1,0,0,0,0,0,0,1,3,3,1,0,0,1,1,1,0,0,0,0,2,2,1,8,3,15,20,19,9,1,1,5,8,10,4,0,0,0,1,1,0,0,0,1,0,0,1
1,1,0,0,1,2,3,2,0,1,0,2,16,21,10,11,4,14,5,5,3,1,1,10,1,1,0,0,0,1,0,0,0,3,3,0,0,1,0,0,1,0,0,0,1,1,2,2,6,9,12,18,12,13,1,4,3,6,4,5,0,0,0,1,1,1,0,0,0,0,0,0
1,1,1,1,0,0,4,2,2,0,0,1,19,19,21,2,3,6,11,10,9,2,1,4,1,1,1,0,0,0,0,0,0,3,3,3,1,0,2,1,1,0,0,1,2,1,3,0,14,7,14,10,21,10,7,3,10,5,8,3,0,0,1,1,1,0,0,0,0,0,0,3
0,0,1,0,1,0,0,1,0,1,0,0,5,21,17,14,11,8,3,6,2,4,8,2,0,0,1,1,0,0,0,1,0,0,1,3,0,0,0,0,2,0,0,0,1,1,0,0,13,6,12,10,22,13,6,3,2,3,6,2,0,0,1,1,1,0,0,0,0,0,0,3
1,0,0,0,0,0,2,0,0,0,3,0,20,21,17,8,11,14,8,5,7,1,5,1,1,0,0,0,1,0,0,0,1,3,0,1,0,1,0,0,1,4,1,0,1,3,0,0,16,9,9,11,8,16,4,3,5,5,3,10,0,0,0,1,0,1,0,1,0,0,1,0
0,2,0,0,0,1,3,0,1,1,1,0,11,9,9,16,8,15,5,4,4,4,1,5,1,1,0,0,0,0,0,0,1,3,3,1,1,1,0,0,0,1,0,0,0,1,1,1,14,9,13,15,18,15,6,2,1,3,3,4,0,0,0,0,0,1,1,1,0,1,1,0
2,0,1,1,2,1,2,0,0,0,1,3,15,5,8,7,14,8,4,1,2,2,7,6,1,0,0,0,1,1,0,0,0,3,0,0,0,0,0,1,1,0,1,1,1,3,0,1,11,3,8,16,13,12,1,1,5,5,5,4,0,0,0,1,0,0,0,1,1,0,1,1
1,0,2,1,0,0,1,2,1,0,0,0,10,16,20,14,4,11,5,7,9,7,0,5,1,1,1,0,0,0,0,0,0,3,3,3,2,2,0,0,0,1,0,1,0,0,0,0,16,14,21,6,5,3,4,7,4,4,1,2,1,1,0,0,0,1,0,0,0,3,3,0
0,0,0,0,0,0,1,1,1,0,1,1,10,14,12,13,11,8,3,4,4,6,2,5,1,0,0,0,0,0,0,1,1,3,1,1,0,2,2,0,1,0,1,1,0,1,1,2,13,13,10,9,9,16,6,5,4,3,3,4,0,1,0,0,0,0,1,0,1,1,3,1
0,1,1,0,2,0,1,1,1,2,1,0,10,9,15,16,13,13,3,3,4,7,5,1,0,0,1,1,1,0,0,0,0,0,0,3,1,0,0,1,2,0,0,1,0,4,0,0,2,8,14,19,9,17,2,1,1,11,4,7,0,0,0,1,1,0,0,0,1,0,0,1
1,1,0,0,1,0,1,0,1,0,0,1,8,8,12,11,9,8,4,3,4,4,3,3,1,0,0,0,0,0,0,1,1,3,1,1,0,0,0,0,0,1,0,1,0,1,1,0,13,11,8,12,14,17,1,2,2,4,4,2,0,0,0,1,0,1,0,1,0,0,1,0
0,4,4,3,0,0,0,1,0,0,1,1,10,15,16,9,11,9,5,7,10,5,2,5,0,1,1,1,0,0,0,0,0,0,3,3,0,0,0,1,0,1,0,0,0,1,0,1,11,12,11,8,11,9,4,2,3,4,4,5,0,0,0,1,0,1,0,1,0,0,1,0
0,0,0,2,1,0,2,2,2,0,0,1,18,15,13,15,13,12,5,8,5,4,4,3,0,1,1,0,0,0,1,0,0,1,3,3,0,0,1,0,1,1,1,2,0,0,1,0,14,13,17,5,9,10,4,6,2,3,3,4,1,0,0,0,0,0,0,1,1,3,1,1
0,0,0,1,0,0,1,0,2,0,0,0,15,11,11,14,12,6,3,4,6,6,2,3,0,0,1,0,0,0,1,1,0,1,1,3,3,1,1,0,0,1,0,0,2,0,1,3,9,20,11,10,8,16,5,7,4,5,3,7,1,0,0,0,0,1,0,1,0,3,1,0
1,0,0,1,2,1,0,2,2,3,0,0,14,18,15,12,15,13,3,5,8,8,4,4,0,0,1,1,0,0,0,1,0,0,1,3,0,0,0,0,1,1,0,0,0,1,2,2,9,8,3,15,20,19,2,1,1,4,8,10,0,0,0,1,1,1,0,0,0,0,0,0
0,2,0,0,1,2,0,2,0,0,0,1,30,15,5,0,7,14,4,4,1,0,2,7,0,1,0,0,0,1,1,0,0,1,3,0,0,0,1,2,0,1,1,1,0,0,3,0,9,16,9,27,11,8,2,4,3,11,5,3,0,0,0,1,1,0,0,0,1,0,0,1
1,1,1,0,0,0,1,3,1,0,1,2,14,21,9,7,7,13,3,12,3,2,4,6,1,1,0,0,0,0,0,0,1,3,3,1,0,0,0,1,1,0,0,0,0,2,1,0,11,11,12,11,8,11,4,4,2,7,4,4,0,0,0,1,1,0,0,0,1,0,0,1
0,0,0,1,1,0,0,1,0,1,0,0,3,15,11,17,14,12,0,3,4,6,6,2,0,0,0,1,0,0,0,1,1,0,1,1,1,0,0,0,0,4,0,0,1,2,1,1,10,7,11,21,13,15,4,2,2,8,5,7,0,0,0,1,1,1,0,0,0,0,0,0
2,1,1,1,0,1,0,3,2,0,1,0,13,16,21,15,11,4,6,5,5,7,1,1,1,1,1,0,0,0,0,0,0,3,3,3,1,1,0,1,1,2,3,0,1,0,4,0,14,2,8,6,19,9,6,2,1,2,11,4,1,0,0,0,1,1,0,0,0,3,0,0
1,0,0,0,0,1,1,0,1,3,1,0,10,5,21,17,14,11,4,3,6,8,4,8,0,0,0,1,1,0,0,0,1,0,0,1,0,2,2,2,0,0,1,0,1,0,0,0,14,16,14,5,6,5,2,4,7,2,4,1,0,1,1,1,0,0,0,0,0,0,3,3
0,0,2,0,0,0,2,3,0,0,1,1,13,11,9,10,16,8,3,5,4,4,4,1,1,1,1,0,0,0,0,0,0,3,3,3,1,3,1,0,0,0,1,0,0,0,0,1,17,9,20,3,10,8,6,5,7,0,5,3,1,1,0,0,0,0,0,0,1,3,3,1
2,1,0,0,1,0,0,1,2,1,0,0,5,10,16,14,14,4,2,5,7,2,7,0,1,1,1,0,0,0,0,0,0,3,3,3,0,0,0,0,1,1,0,1,1,0,3,0,0,11,3,30,16,13,0,1,1,4,5,5,0,0,0,0,1,0,1,0,1,1,0,1
2,0,0,0,0,0,1,1,1,0,0,1,7,10,14,6,13,11,5,3,4,2,6,2,1,1,0,0,0,0,0,0,1,3,3,1,0,0,0,1,0,0,0,2,0,1,1,2,3,16,4,15,10,16,3,7,0,7,3,7,0,1,0,1,0,1,0,0,0,0,3,0
0,0,1,0,0,0,1,1,3,0,0,1,15,13,21,9,7,7,4,5,8,2,2,3,1,1,1,0,0,0,0,0,0,3,3,3,1,1,0,0,2,0,0,0,3,1,2,0,8,7,11,23,15,21,3,2,5,4,4,5,0,0,1,0,1,0,1,0,0,1,0,3
1,0,1,1,0,2,0,1,1,3,2,1,6,10,9,14,16,13,2,3,3,6,7,5,0,0,0,1,1,1,0,0,0,0,0,0,0,0,0,0,0,0,3,0,1,0,1,1,7,13,11,13,12,14,4,1,2,4,4,4,1,0,0,0,1,0,0,0,1,3,0,1
0,1,1,0,0,1,0,1,0,3,0,0,13,8,8,7,11,9,4,4,3,4,4,3,0,1,0,1,0,0,0,0,1,0,3,1,0,0,2,2,0,1,0,1,1,1,1,1,6,13,13,7,9,9,2,6,5,5,3,3,0,0,1,1,0,0,0,1,0,0,1,3
1,0,4,0,3,0,2,0,1,0,0,1,11,10,15,11,9,11,7,5,7,4,5,2,1,0,1,0,1,0,0,0,0,3,0,3,0,1,1,0,0,0,0,0,0,0,1,2,12,6,13,18,19,15,3,2,4,6,9,8,0,0,0,0,0,1,1,1,0,1,1,0
2,1,0,0,0,0,0,2,0,1,0,3,27,20,21,9,8,11,11,8,5,2,1,5,1,1,0,0,0,1,0,0,0,3,3,0,1,0,0,1,0,1,3,1,2,0,0,1,12,14,13,14,5,9,8,4,6,3,3,3,1,1,0,0,0,0,0,0,1,3,3,1
0,1,0,0,1,2,2,0,2,1,3,0,17,14,18,11,12,15,5,3,5,6,8,4,1,0,0,0,1,0,0,0,1,3,0,1,1,0,0,0,2,0,1,1,1,0,0,3,17,9,16,6,27,11,6,2,4,2,11,5,1,0,0,0,1,1,0,0,0,3,0,0
0,2,1,0,1,0,0,0,3,2,0,1,15,13,16,6,15,11,3,6,5,4,7,1,0,1,1,1,0,0,0,0,0,0,3,3,0,0,0,0,1,0,0,0,2,1,1,1,4,3,16,18,15,10,0,3,7,3,7,3,0,0,1,1,1,0,0,0,0,0,0,3
0,0,0,3,0,0,1,2,3,0,0,1,6,13,11,18,10,16,2,3,5,4,4,4,0,1,1,1,0,0,0,0,0,0,3,3,0,0,2,1,2,0,2,1,0,0,0,0,16,14,16,6,5,6,6,2,4,3,2,4,1,0,1,0,1,0,0,0,0,3,0,3
0,0,1,1,1,0,1,1,0,0,0,1,23,19,13,8,6,3,4,9,5,3,2,1,0,0,0,0,0,0,1,1,1,1,1,1,0,2,1,1,0,0,0,0,0,1,2,1,7,15,11,14,18,21,2,4,8,3,5,6,0,0,0,1,0,0,0,1,1,0,1,1
0,1,1,0,1,0,1,4,2,0,0,0,13,19,19,3,2,3,3,11,10,0,2,1,1,1,1,0,0,0,0,0,0,3,3,3,0,0,0,1,0,2,3,0,0,1,1,0,17,13,6,10,10,22,8,6,3,4,3,6,1,0,0,0,1,1,0,0,0,3,0,0
0,0,0,0,1,1,1,0,1,2,1,0,9,3,15,17,17,14,4,0,3,9,6,6,0,0,0,1,1,0,0,0,1,0,0,1,1,1,0,1,1,0,2,3,1,0,0,0,12,12,14,14,14,5,7,8,4,4,3,3,1,1,1,0,0,0,0,0,0,3,3,3
1,0,0,1,0,0,1,1,1,1,0,0,16,15,13,13,9,7,5,4,5,6,2,2,0,1,1,0,0,0,1,0,0,1,3,3,1,0,0,0,0,0,1,3,0,1,0,1,11,7,13,8,13,12,4,4,1,3,4,4,1,1,0,0,0,1,0,0,0,3,3,0
0,1,0,1,1,0,1,0,1,1,3,2,8,6,10,11,14,16,3,2,3,4,6,7,0,0,0,1,1,1,0,0,0,0,0,0,0,0,0,2,0,1,0,0,1,0,0,3,3,0,11,11,30,16,2,0,1,5,4,5,0,0,0,1,0,1,0,1,0,0,1,0
0,1,0,0,0,3,3,2,0,0,0,0,24,11,10,8,11,9,11,7,5,2,4,5,1,1,0,0,0,1,0,0,0,3,3,0,0,0,0,3,2,0,0,0,1,0,1,1,9,6,13,13,7,9,0,2,6,5,5,3,0,0,0,1,1,0,0,0,1,0,0,1
1,2,1,1,0,0,0,0,2,2,1,0,14,27,20,12,9,8,4,11,8,7,2,1,0,1,1,1,0,0,0,0,0,0,3,3,0,0,1,2,1,1,1,1,0,2,3,2,7,7,4,9,21,21,2,4,1,8,12,5,0,0,0,1,1,1,0,0,0,0,0,0
0,0,0,1,0,1,2,1,1,0,1,0,21,9,8,10,13,20,8,3,3,4,6,7,1,0,0,0,0,0,0,1,1,3,1,1,0,1,1,0,1,1,2,3,0,0,0,4,6,14,2,15,6,19,4,6,2,3,2,11,1,1,0,0,0,1,0,0,0,3,3,0
1,1,0,0,0,0,0,1,0,2,3,1,6,10,5,16,17,14,3,4,3,6,8,4,0,0,0,1,1,1,0,0,0,0,0,0,0,1,1,0,0,0,0,0,0,2,1,1,10,14,9,13,15,18,4,6,2,3,3,3,0,0,0,1,0,0,0,1,1,0,1,1
0,0,2,1,0,1,0,0,2,1,0,0,6,30,15,17,0,7,2,4,4,6,0,2,0,0,1,1,0,0,0,1,0,0,1,3,0,0,0,2,1,1,0,0,0,3,2,1,4,11,11,13,11,8,1,4,4,10,7,4,0,0,0,1,1,1,0,0,0,0,0,0
2,1,1,0,0,0,3,1,3,0,0,1,13,14,21,4,7,7,10,3,12,1,2,4,1,1,1,0,0,0,0,0,0,3,3,3,1,1,1,1,0,2,1,0,0,1,1,2,13,8,7,16,23,15,6,3,2,5,4,4,0,0,0,0,0,1,1,1,0,1,1,0
0,0,0,0,2,1,0,0,1,0,0,0,18,6,18,12,16,9,6,4,3,3,4,2,0,0,0,0,1,0,1,0,1,1,0,1,0,1,0,0,1,1,0,0,1,1,1,3,3,14,7,13,10,21,0,7,3,3,5,8,0,0,0,1,1,1,0,0,0,0,0,0
2,0,1,0,0,1,2,1,2,1,0,0,9,12,12,7,13,9,8,4,4,2,1,4,1,1,1,0,0,0,0,0,0,3,3,3,0,1,0,0,0,0,2,0,0,1,2,1,17,10,7,9,21,13,9,4,2,4,8,5,1,0,0,0,1,1,0,0,0,3,0,0
1,0,2,0,0,0,1,1,0,0,0,0,15,18,22,3,6,6,7,6,6,3,1,3,1,1,1,0,0,0,0,0,0,3,3,3,3,1,3,0,0,0,0,1,0,1,0,0,18,17,9,6,3,10,4,6,5,2,0,5,1,1,1,0,0,0,0,0,0,3,3,3
2,2,1,0,0,1,0,0,1,0,1,0,11,5,10,3,14,14,5,2,5,2,2,7,1,1,1,0,0,0,0,0,0,3,3,3,0,0,0,0,0,1,1,0,0,2,1,2,11,9,8,17,15,20,6,2,1,5,4,8,0,0,0,1,1,1,0,0,0,0,0,0
0,2,0,0,0,0,1,1,1,0,0,0,18,7,10,4,6,13,3,5,3,0,2,6,1,1,1,0,0,0,0,0,0,3,3,3,1,0,1,2,0,1,0,0,0,0,1,2,15,6,9,13,18,12,7,1,4,6,6,4,0,0,0,1,1,1,0,0,0,0,0,0
3,0,1,0,0,0,0,0,1,0,3,0,13,13,8,9,7,11,5,4,4,0,4,4,1,0,1,0,1,0,0,0,0,3,0,3,0,0,1,0,0,0,0,0,0,3,0,1,8,12,6,24,18,19,2,3,2,11,6,9,0,0,0,1,0,0,0,1,1,0,1,1
1,0,2,1,0,1,0,0,0,0,2,0,13,15,13,14,6,15,4,3,6,5,4,7,0,0,1,0,1,0,1,0,0,1,0,3,0,1,1,0,1,1,2,2,3,1,0,0,15,12,12,10,14,14,4,7,8,4,4,3,1,1,1,0,0,0,0,0,0,3,3,3
0,0,1,0,0,1,2,2,0,2,1,3,20,17,14,13,11,12,5,5,3,6,6,8,0,1,0,0,0,1,1,0,0,1,3,0,0,0,0,2,1,0,3,3,0,0,1,1,5,17,13,20,10,10,4,8,6,6,4,3,1,1,0,0,0,1,0,0,0,3,3,0
2,0,0,0,1,0,0,2,1,1,0,1,8,21,9,15,10,13,3,8,3,6,4,6,1,1,0,0,0,0,0,0,1,3,3,1,0,0,1,1,0,1,3,0,0,1,1,1,17,3,14,10,13,10,5,0,7,7,3,5,1,0,0,0,1,1,0,0,0,3,0,0
0,0,0,1,1,1,1,1,1,1,0,0,8,23,19,8,8,6,1,4,9,4,3,2,0,0,0,1,0,0,0,1,1,0,1,1,1,0,0,2,3,2,1,0,0,1,0,1,15,9,6,13,13,7,8,0,2,7,5,5,0,0,0,1,1,1,0,0,0,0,0,0
0,1,0,0,1,0,1,1,1,2,1,0,14,16,15,7,13,9,5,5,4,4,6,2,0,0,1,1,0,0,0,1,0,0,1,3,0,1,0,0,0,2,2,1,1,2,0,0,13,17,9,20,6,27,6,6,2,5,2,11,0,1,0,0,0,1,1,0,0,1,3,0
0,0,1,0,1,1,1,1,0,1,1,3,15,8,6,7,11,14,3,3,2,1,4,6,0,0,0,0,1,1,1,0,0,1,0,0,0,0,0,0,1,2,0,2,1,0,0,0,10,16,14,6,6,5,3,6,2,1,3,2,0,1,0,0,0,1,1,0,0,1,3,0
2,0,1,1,0,0,1,3,2,1,0,0,13,24,11,15,8,11,7,11,7,8,2,4,1,1,1,0,0,0,0,0,0,3,3,3,0,0,0,1,2,1,1,1,1,0,2,3,5,7,7,23,9,21,2,2,4,6,8,12,0,0,0,0,1,1,1,0,0,1,0,0
2,0,1,0,0,1,0,1,4,3,0,0,20,13,19,5,3,2,6,3,11,4,0,2,0,1,1,1,0,0,0,0,0,0,3,3,0,0,0,0,2,0,1,0,0,1,0,0,7,3,0,15,11,30,1,2,0,3,5,4,0,0,0,0,1,0,1,0,1,1,0,1
0,0,0,0,0,1,1,1,0,2,2,1,10,9,3,15,17,17,4,4,0,4,9,6,0,0,0,1,1,1,0,0,0,0,0,0,0,1,0,0,0,0,2,1,3,1,1,0,7,11,7,14,8,13,4,4,4,5,3,4,1,1,1,0,0,0,0,0,0,3,3,3
0,0,0,0,3,0,0,1,2,0,0,0,6,6,13,10,18,10,1,2,3,3,4,4,0,0,1,0,1,0,1,0,0,1,0,3,1,0,2,0,1,0,1,0,0,1,1,2,8,7,15,8,14,18,4,2,4,1,3,5,1,0,0,0,1,0,0,0,1,3,0,1
